   90.00
  -90.00
   27.19
   25.48
   23.76
   22.05
   20.35
   18.64
   16.95
   15.25
   13.57
   11.89
   10.22
    8.55
    6.88
    5.22
    3.56
    1.90
    0.25
   -1.41
   -3.07
   -4.73
   -6.39
   -8.05
   -9.71
  -11.38
  -13.06
  -14.74
  -16.42
  -18.11
  -19.80
  -21.49
  -23.19
  -24.88
  -27.19
  -29.28
  -31.36
  -33.42
  -35.47
  -37.51
  -39.53
  -41.53
  -43.53
  -45.51
  -47.48
  -49.45
  -51.41
  -53.36
  -55.31
  -57.25
  -59.20
  -61.14
  -63.09
  -65.03
  -66.99
  -68.95
  -70.91
  -72.88
  -74.87
  -76.86
  -78.85
  -80.85
  -82.84
  -84.79
  -86.62
  -87.92
   27.19
   25.48
   23.76
   22.05
   20.35
   18.64
   16.95
   15.25
   13.57
   11.89
   10.22
    8.55
    6.88
    5.22
    3.56
    1.90
    0.25
   -1.41
   -3.07
   -4.73
   -6.39
   -8.05
   -9.71
  -11.38
  -13.06
  -14.74
  -16.42
  -18.11
  -19.80
  -21.49
  -23.19
  -24.88
  -27.19
  -29.28
  -31.36
  -33.42
  -35.47
  -37.51
  -39.53
  -41.53
  -43.53
  -45.51
  -47.48
  -49.45
  -51.41
  -53.36
  -55.31
  -57.25
  -59.20
  -61.14
  -63.09
  -65.03
  -66.99
  -68.95
  -70.91
  -72.88
  -74.87
  -76.86
  -78.85
  -80.85
  -82.84
  -84.79
  -86.62
  -87.92
   27.19
   25.48
   23.76
   22.05
   20.35
   18.64
   16.95
   15.25
   13.57
   11.89
   10.22
    8.55
    6.88
    5.22
    3.56
    1.90
    0.25
   -1.41
   -3.07
   -4.73
   -6.39
   -8.05
   -9.71
  -11.38
  -13.06
  -14.74
  -16.42
  -18.11
  -19.80
  -21.49
  -23.19
  -24.88
  -27.19
  -29.28
  -31.36
  -33.42
  -35.47
  -37.51
  -39.53
  -41.53
  -43.53
  -45.51
  -47.48
  -49.45
  -51.41
  -53.36
  -55.31
  -57.25
  -59.20
  -61.14
  -63.09
  -65.03
  -66.99
  -68.95
  -70.91
  -72.88
  -74.87
  -76.86
  -78.85
  -80.85
  -82.84
  -84.79
  -86.62
  -87.92
   27.19
   25.48
   23.76
   22.05
   20.35
   18.64
   16.95
   15.25
   13.57
   11.89
   10.22
    8.55
    6.88
    5.22
    3.56
    1.90
    0.25
   -1.41
   -3.07
   -4.73
   -6.39
   -8.05
   -9.71
  -11.38
  -13.06
  -14.74
  -16.42
  -18.11
  -19.80
  -21.49
  -23.19
  -24.88
  -27.19
  -29.28
  -31.36
  -33.42
  -35.47
  -37.51
  -39.53
  -41.53
  -43.53
  -45.51
  -47.48
  -49.45
  -51.41
  -53.36
  -55.31
  -57.25
  -59.20
  -61.14
  -63.09
  -65.03
  -66.99
  -68.95
  -70.91
  -72.88
  -74.87
  -76.86
  -78.85
  -80.85
  -82.84
  -84.79
  -86.62
  -87.92
   27.19
   25.48
   23.76
   22.05
   20.35
   18.64
   16.95
   15.25
   13.57
   11.89
   10.22
    8.55
    6.88
    5.22
    3.56
    1.90
    0.25
   -1.41
   -3.07
   -4.73
   -6.39
   -8.05
   -9.71
  -11.38
  -13.06
  -14.74
  -16.42
  -18.11
  -19.80
  -21.49
  -23.19
  -24.88
  -27.19
  -29.28
  -31.36
  -33.42
  -35.47
  -37.51
  -39.53
  -41.53
  -43.53
  -45.51
  -47.48
  -49.45
  -51.41
  -53.36
  -55.31
  -57.25
  -59.20
  -61.14
  -63.09
  -65.03
  -66.99
  -68.95
  -70.91
  -72.88
  -74.87
  -76.86
  -78.85
  -80.85
  -82.84
  -84.79
  -86.62
  -87.92
   29.28
   27.77
   26.04
   24.30
   22.56
   20.83
   19.11
   17.38
   15.67
   13.96
   12.26
   10.56
    8.87
    7.18
    5.50
    3.82
    2.14
    0.46
   -1.22
   -2.89
   -4.57
   -6.25
   -7.93
   -9.62
  -11.31
  -13.00
  -14.69
  -16.39
  -18.09
  -19.79
  -21.49
  -23.19
  -25.48
  -27.77
  -29.88
  -31.97
  -34.04
  -36.11
  -38.15
  -40.19
  -42.21
  -44.22
  -46.22
  -48.21
  -50.19
  -52.16
  -54.13
  -56.09
  -58.05
  -60.01
  -61.96
  -63.92
  -65.88
  -67.84
  -69.80
  -71.77
  -73.73
  -75.69
  -77.64
  -79.57
  -81.45
  -83.23
  -84.79
  -85.86
   29.28
   27.77
   26.04
   24.30
   22.56
   20.83
   19.11
   17.38
   15.67
   13.96
   12.26
   10.56
    8.87
    7.18
    5.50
    3.82
    2.14
    0.46
   -1.22
   -2.89
   -4.57
   -6.25
   -7.93
   -9.62
  -11.31
  -13.00
  -14.69
  -16.39
  -18.09
  -19.79
  -21.49
  -23.19
  -25.48
  -27.77
  -29.88
  -31.97
  -34.04
  -36.11
  -38.15
  -40.19
  -42.21
  -44.22
  -46.22
  -48.21
  -50.19
  -52.16
  -54.13
  -56.09
  -58.05
  -60.01
  -61.96
  -63.92
  -65.88
  -67.84
  -69.80
  -71.77
  -73.73
  -75.69
  -77.64
  -79.57
  -81.45
  -83.23
  -84.79
  -85.86
   29.28
   27.77
   26.04
   24.30
   22.56
   20.83
   19.11
   17.38
   15.67
   13.96
   12.26
   10.56
    8.87
    7.18
    5.50
    3.82
    2.14
    0.46
   -1.22
   -2.89
   -4.57
   -6.25
   -7.93
   -9.62
  -11.31
  -13.00
  -14.69
  -16.39
  -18.09
  -19.79
  -21.49
  -23.19
  -25.48
  -27.77
  -29.88
  -31.97
  -34.04
  -36.11
  -38.15
  -40.19
  -42.21
  -44.22
  -46.22
  -48.21
  -50.19
  -52.16
  -54.13
  -56.09
  -58.05
  -60.01
  -61.96
  -63.92
  -65.88
  -67.84
  -69.80
  -71.77
  -73.73
  -75.69
  -77.64
  -79.57
  -81.45
  -83.23
  -84.79
  -85.86
   29.28
   27.77
   26.04
   24.30
   22.56
   20.83
   19.11
   17.38
   15.67
   13.96
   12.26
   10.56
    8.87
    7.18
    5.50
    3.82
    2.14
    0.46
   -1.22
   -2.89
   -4.57
   -6.25
   -7.93
   -9.62
  -11.31
  -13.00
  -14.69
  -16.39
  -18.09
  -19.79
  -21.49
  -23.19
  -25.48
  -27.77
  -29.88
  -31.97
  -34.04
  -36.11
  -38.15
  -40.19
  -42.21
  -44.22
  -46.22
  -48.21
  -50.19
  -52.16
  -54.13
  -56.09
  -58.05
  -60.01
  -61.96
  -63.92
  -65.88
  -67.84
  -69.80
  -71.77
  -73.73
  -75.69
  -77.64
  -79.57
  -81.45
  -83.23
  -84.79
  -85.86
   29.28
   27.77
   26.04
   24.30
   22.56
   20.83
   19.11
   17.38
   15.67
   13.96
   12.26
   10.56
    8.87
    7.18
    5.50
    3.82
    2.14
    0.46
   -1.22
   -2.89
   -4.57
   -6.25
   -7.93
   -9.62
  -11.31
  -13.00
  -14.69
  -16.39
  -18.09
  -19.79
  -21.49
  -23.19
  -25.48
  -27.77
  -29.88
  -31.97
  -34.04
  -36.11
  -38.15
  -40.19
  -42.21
  -44.22
  -46.22
  -48.21
  -50.19
  -52.16
  -54.13
  -56.09
  -58.05
  -60.01
  -61.96
  -63.92
  -65.88
  -67.84
  -69.80
  -71.77
  -73.73
  -75.69
  -77.64
  -79.57
  -81.45
  -83.23
  -84.79
  -85.86
   31.36
   29.88
   28.32
   26.56
   24.80
   23.04
   21.28
   19.53
   17.79
   16.05
   14.32
   12.60
   10.88
    9.16
    7.45
    5.75
    4.05
    2.35
    0.65
   -1.05
   -2.75
   -4.45
   -6.14
   -7.84
   -9.55
  -11.25
  -12.96
  -14.67
  -16.38
  -18.09
  -19.80
  -21.51
  -23.76
  -26.04
  -28.32
  -30.43
  -32.53
  -34.62
  -36.69
  -38.75
  -40.80
  -42.83
  -44.85
  -46.86
  -48.86
  -50.85
  -52.83
  -54.81
  -56.78
  -58.75
  -60.71
  -62.67
  -64.63
  -66.58
  -68.53
  -70.47
  -72.40
  -74.32
  -76.21
  -78.05
  -79.82
  -81.45
  -82.84
  -83.81
   31.36
   29.88
   28.32
   26.56
   24.80
   23.04
   21.28
   19.53
   17.79
   16.05
   14.32
   12.60
   10.88
    9.16
    7.45
    5.75
    4.05
    2.35
    0.65
   -1.05
   -2.75
   -4.45
   -6.14
   -7.84
   -9.55
  -11.25
  -12.96
  -14.67
  -16.38
  -18.09
  -19.80
  -21.51
  -23.76
  -26.04
  -28.32
  -30.43
  -32.53
  -34.62
  -36.69
  -38.75
  -40.80
  -42.83
  -44.85
  -46.86
  -48.86
  -50.85
  -52.83
  -54.81
  -56.78
  -58.75
  -60.71
  -62.67
  -64.63
  -66.58
  -68.53
  -70.47
  -72.40
  -74.32
  -76.21
  -78.05
  -79.82
  -81.45
  -82.84
  -83.81
   31.36
   29.88
   28.32
   26.56
   24.80
   23.04
   21.28
   19.53
   17.79
   16.05
   14.32
   12.60
   10.88
    9.16
    7.45
    5.75
    4.05
    2.35
    0.65
   -1.05
   -2.75
   -4.45
   -6.14
   -7.84
   -9.55
  -11.25
  -12.96
  -14.67
  -16.38
  -18.09
  -19.80
  -21.51
  -23.76
  -26.04
  -28.32
  -30.43
  -32.53
  -34.62
  -36.69
  -38.75
  -40.80
  -42.83
  -44.85
  -46.86
  -48.86
  -50.85
  -52.83
  -54.81
  -56.78
  -58.75
  -60.71
  -62.67
  -64.63
  -66.58
  -68.53
  -70.47
  -72.40
  -74.32
  -76.21
  -78.05
  -79.82
  -81.45
  -82.84
  -83.81
   31.36
   29.88
   28.32
   26.56
   24.80
   23.04
   21.28
   19.53
   17.79
   16.05
   14.32
   12.60
   10.88
    9.16
    7.45
    5.75
    4.05
    2.35
    0.65
   -1.05
   -2.75
   -4.45
   -6.14
   -7.84
   -9.55
  -11.25
  -12.96
  -14.67
  -16.38
  -18.09
  -19.80
  -21.51
  -23.76
  -26.04
  -28.32
  -30.43
  -32.53
  -34.62
  -36.69
  -38.75
  -40.80
  -42.83
  -44.85
  -46.86
  -48.86
  -50.85
  -52.83
  -54.81
  -56.78
  -58.75
  -60.71
  -62.67
  -64.63
  -66.58
  -68.53
  -70.47
  -72.40
  -74.32
  -76.21
  -78.05
  -79.82
  -81.45
  -82.84
  -83.81
   31.36
   29.88
   28.32
   26.56
   24.80
   23.04
   21.28
   19.53
   17.79
   16.05
   14.32
   12.60
   10.88
    9.16
    7.45
    5.75
    4.05
    2.35
    0.65
   -1.05
   -2.75
   -4.45
   -6.14
   -7.84
   -9.55
  -11.25
  -12.96
  -14.67
  -16.38
  -18.09
  -19.80
  -21.51
  -23.76
  -26.04
  -28.32
  -30.43
  -32.53
  -34.62
  -36.69
  -38.75
  -40.80
  -42.83
  -44.85
  -46.86
  -48.86
  -50.85
  -52.83
  -54.81
  -56.78
  -58.75
  -60.71
  -62.67
  -64.63
  -66.58
  -68.53
  -70.47
  -72.40
  -74.32
  -76.21
  -78.05
  -79.82
  -81.45
  -82.84
  -83.81
   33.42
   31.97
   30.43
   28.83
   27.04
   25.25
   23.47
   21.69
   19.92
   18.15
   16.39
   14.64
   12.89
   11.15
    9.42
    7.69
    5.96
    4.24
    2.52
    0.80
   -0.92
   -2.63
   -4.35
   -6.07
   -7.79
   -9.51
  -11.23
  -12.95
  -14.67
  -16.39
  -18.11
  -19.82
  -22.05
  -24.30
  -26.56
  -28.83
  -30.94
  -33.05
  -35.15
  -37.23
  -39.30
  -41.35
  -43.39
  -45.42
  -47.43
  -49.44
  -51.44
  -53.42
  -55.40
  -57.37
  -59.34
  -61.30
  -63.24
  -65.19
  -67.11
  -69.03
  -70.93
  -72.79
  -74.62
  -76.38
  -78.05
  -79.57
  -80.85
  -81.78
   33.42
   31.97
   30.43
   28.83
   27.04
   25.25
   23.47
   21.69
   19.92
   18.15
   16.39
   14.64
   12.89
   11.15
    9.42
    7.69
    5.96
    4.24
    2.52
    0.80
   -0.92
   -2.63
   -4.35
   -6.07
   -7.79
   -9.51
  -11.23
  -12.95
  -14.67
  -16.39
  -18.11
  -19.82
  -22.05
  -24.30
  -26.56
  -28.83
  -30.94
  -33.05
  -35.15
  -37.23
  -39.30
  -41.35
  -43.39
  -45.42
  -47.43
  -49.44
  -51.44
  -53.42
  -55.40
  -57.37
  -59.34
  -61.30
  -63.24
  -65.19
  -67.11
  -69.03
  -70.93
  -72.79
  -74.62
  -76.38
  -78.05
  -79.57
  -80.85
  -81.78
   33.42
   31.97
   30.43
   28.83
   27.04
   25.25
   23.47
   21.69
   19.92
   18.15
   16.39
   14.64
   12.89
   11.15
    9.42
    7.69
    5.96
    4.24
    2.52
    0.80
   -0.92
   -2.63
   -4.35
   -6.07
   -7.79
   -9.51
  -11.23
  -12.95
  -14.67
  -16.39
  -18.11
  -19.82
  -22.05
  -24.30
  -26.56
  -28.83
  -30.94
  -33.05
  -35.15
  -37.23
  -39.30
  -41.35
  -43.39
  -45.42
  -47.43
  -49.44
  -51.44
  -53.42
  -55.40
  -57.37
  -59.34
  -61.30
  -63.24
  -65.19
  -67.11
  -69.03
  -70.93
  -72.79
  -74.62
  -76.38
  -78.05
  -79.57
  -80.85
  -81.78
   33.42
   31.97
   30.43
   28.83
   27.04
   25.25
   23.47
   21.69
   19.92
   18.15
   16.39
   14.64
   12.89
   11.15
    9.42
    7.69
    5.96
    4.24
    2.52
    0.80
   -0.92
   -2.63
   -4.35
   -6.07
   -7.79
   -9.51
  -11.23
  -12.95
  -14.67
  -16.39
  -18.11
  -19.82
  -22.05
  -24.30
  -26.56
  -28.83
  -30.94
  -33.05
  -35.15
  -37.23
  -39.30
  -41.35
  -43.39
  -45.42
  -47.43
  -49.44
  -51.44
  -53.42
  -55.40
  -57.37
  -59.34
  -61.30
  -63.24
  -65.19
  -67.11
  -69.03
  -70.93
  -72.79
  -74.62
  -76.38
  -78.05
  -79.57
  -80.85
  -81.78
   33.42
   31.97
   30.43
   28.83
   27.04
   25.25
   23.47
   21.69
   19.92
   18.15
   16.39
   14.64
   12.89
   11.15
    9.42
    7.69
    5.96
    4.24
    2.52
    0.80
   -0.92
   -2.63
   -4.35
   -6.07
   -7.79
   -9.51
  -11.23
  -12.95
  -14.67
  -16.39
  -18.11
  -19.82
  -22.05
  -24.30
  -26.56
  -28.83
  -30.94
  -33.05
  -35.15
  -37.23
  -39.30
  -41.35
  -43.39
  -45.42
  -47.43
  -49.44
  -51.44
  -53.42
  -55.40
  -57.37
  -59.34
  -61.30
  -63.24
  -65.19
  -67.11
  -69.03
  -70.93
  -72.79
  -74.62
  -76.38
  -78.05
  -79.57
  -80.85
  -81.78
   35.47
   34.04
   32.53
   30.94
   29.29
   27.48
   25.67
   23.86
   22.06
   20.26
   18.48
   16.70
   14.92
   13.15
   11.39
    9.64
    7.89
    6.14
    4.40
    2.66
    0.92
   -0.82
   -2.55
   -4.29
   -6.02
   -7.76
   -9.49
  -11.23
  -12.96
  -14.69
  -16.42
  -18.14
  -20.35
  -22.56
  -24.80
  -27.04
  -29.29
  -31.41
  -33.53
  -35.63
  -37.72
  -39.79
  -41.85
  -43.89
  -45.92
  -47.94
  -49.95
  -51.94
  -53.93
  -55.90
  -57.87
  -59.82
  -61.76
  -63.68
  -65.59
  -67.48
  -69.34
  -71.16
  -72.93
  -74.62
  -76.21
  -77.64
  -78.85
  -79.76
   35.47
   34.04
   32.53
   30.94
   29.29
   27.48
   25.67
   23.86
   22.06
   20.26
   18.48
   16.70
   14.92
   13.15
   11.39
    9.64
    7.89
    6.14
    4.40
    2.66
    0.92
   -0.82
   -2.55
   -4.29
   -6.02
   -7.76
   -9.49
  -11.23
  -12.96
  -14.69
  -16.42
  -18.14
  -20.35
  -22.56
  -24.80
  -27.04
  -29.29
  -31.41
  -33.53
  -35.63
  -37.72
  -39.79
  -41.85
  -43.89
  -45.92
  -47.94
  -49.95
  -51.94
  -53.93
  -55.90
  -57.87
  -59.82
  -61.76
  -63.68
  -65.59
  -67.48
  -69.34
  -71.16
  -72.93
  -74.62
  -76.21
  -77.64
  -78.85
  -79.76
   35.47
   34.04
   32.53
   30.94
   29.29
   27.48
   25.67
   23.86
   22.06
   20.26
   18.48
   16.70
   14.92
   13.15
   11.39
    9.64
    7.89
    6.14
    4.40
    2.66
    0.92
   -0.82
   -2.55
   -4.29
   -6.02
   -7.76
   -9.49
  -11.23
  -12.96
  -14.69
  -16.42
  -18.14
  -20.35
  -22.56
  -24.80
  -27.04
  -29.29
  -31.41
  -33.53
  -35.63
  -37.72
  -39.79
  -41.85
  -43.89
  -45.92
  -47.94
  -49.95
  -51.94
  -53.93
  -55.90
  -57.87
  -59.82
  -61.76
  -63.68
  -65.59
  -67.48
  -69.34
  -71.16
  -72.93
  -74.62
  -76.21
  -77.64
  -78.85
  -79.76
   35.47
   34.04
   32.53
   30.94
   29.29
   27.48
   25.67
   23.86
   22.06
   20.26
   18.48
   16.70
   14.92
   13.15
   11.39
    9.64
    7.89
    6.14
    4.40
    2.66
    0.92
   -0.82
   -2.55
   -4.29
   -6.02
   -7.76
   -9.49
  -11.23
  -12.96
  -14.69
  -16.42
  -18.14
  -20.35
  -22.56
  -24.80
  -27.04
  -29.29
  -31.41
  -33.53
  -35.63
  -37.72
  -39.79
  -41.85
  -43.89
  -45.92
  -47.94
  -49.95
  -51.94
  -53.93
  -55.90
  -57.87
  -59.82
  -61.76
  -63.68
  -65.59
  -67.48
  -69.34
  -71.16
  -72.93
  -74.62
  -76.21
  -77.64
  -78.85
  -79.76
   35.47
   34.04
   32.53
   30.94
   29.29
   27.48
   25.67
   23.86
   22.06
   20.26
   18.48
   16.70
   14.92
   13.15
   11.39
    9.64
    7.89
    6.14
    4.40
    2.66
    0.92
   -0.82
   -2.55
   -4.29
   -6.02
   -7.76
   -9.49
  -11.23
  -12.96
  -14.69
  -16.42
  -18.14
  -20.35
  -22.56
  -24.80
  -27.04
  -29.29
  -31.41
  -33.53
  -35.63
  -37.72
  -39.79
  -41.85
  -43.89
  -45.92
  -47.94
  -49.95
  -51.94
  -53.93
  -55.90
  -57.87
  -59.82
  -61.76
  -63.68
  -65.59
  -67.48
  -69.34
  -71.16
  -72.93
  -74.62
  -76.21
  -77.64
  -78.85
  -79.76
   37.51
   36.11
   34.62
   33.05
   31.41
   29.71
   27.88
   26.05
   24.22
   22.39
   20.57
   18.76
   16.96
   15.17
   13.38
   11.60
    9.82
    8.05
    6.28
    4.52
    2.76
    1.00
   -0.75
   -2.50
   -4.26
   -6.01
   -7.76
   -9.51
  -11.25
  -13.00
  -14.74
  -16.47
  -18.64
  -20.83
  -23.04
  -25.25
  -27.48
  -29.71
  -31.84
  -33.96
  -36.06
  -38.15
  -40.23
  -42.29
  -44.33
  -46.36
  -48.38
  -50.38
  -52.37
  -54.35
  -56.31
  -58.25
  -60.18
  -62.09
  -63.98
  -65.84
  -67.66
  -69.44
  -71.16
  -72.79
  -74.32
  -75.69
  -76.86
  -77.75
   37.51
   36.11
   34.62
   33.05
   31.41
   29.71
   27.88
   26.05
   24.22
   22.39
   20.57
   18.76
   16.96
   15.17
   13.38
   11.60
    9.82
    8.05
    6.28
    4.52
    2.76
    1.00
   -0.75
   -2.50
   -4.26
   -6.01
   -7.76
   -9.51
  -11.25
  -13.00
  -14.74
  -16.47
  -18.64
  -20.83
  -23.04
  -25.25
  -27.48
  -29.71
  -31.84
  -33.96
  -36.06
  -38.15
  -40.23
  -42.29
  -44.33
  -46.36
  -48.38
  -50.38
  -52.37
  -54.35
  -56.31
  -58.25
  -60.18
  -62.09
  -63.98
  -65.84
  -67.66
  -69.44
  -71.16
  -72.79
  -74.32
  -75.69
  -76.86
  -77.75
   37.51
   36.11
   34.62
   33.05
   31.41
   29.71
   27.88
   26.05
   24.22
   22.39
   20.57
   18.76
   16.96
   15.17
   13.38
   11.60
    9.82
    8.05
    6.28
    4.52
    2.76
    1.00
   -0.75
   -2.50
   -4.26
   -6.01
   -7.76
   -9.51
  -11.25
  -13.00
  -14.74
  -16.47
  -18.64
  -20.83
  -23.04
  -25.25
  -27.48
  -29.71
  -31.84
  -33.96
  -36.06
  -38.15
  -40.23
  -42.29
  -44.33
  -46.36
  -48.38
  -50.38
  -52.37
  -54.35
  -56.31
  -58.25
  -60.18
  -62.09
  -63.98
  -65.84
  -67.66
  -69.44
  -71.16
  -72.79
  -74.32
  -75.69
  -76.86
  -77.75
   37.51
   36.11
   34.62
   33.05
   31.41
   29.71
   27.88
   26.05
   24.22
   22.39
   20.57
   18.76
   16.96
   15.17
   13.38
   11.60
    9.82
    8.05
    6.28
    4.52
    2.76
    1.00
   -0.75
   -2.50
   -4.26
   -6.01
   -7.76
   -9.51
  -11.25
  -13.00
  -14.74
  -16.47
  -18.64
  -20.83
  -23.04
  -25.25
  -27.48
  -29.71
  -31.84
  -33.96
  -36.06
  -38.15
  -40.23
  -42.29
  -44.33
  -46.36
  -48.38
  -50.38
  -52.37
  -54.35
  -56.31
  -58.25
  -60.18
  -62.09
  -63.98
  -65.84
  -67.66
  -69.44
  -71.16
  -72.79
  -74.32
  -75.69
  -76.86
  -77.75
   37.51
   36.11
   34.62
   33.05
   31.41
   29.71
   27.88
   26.05
   24.22
   22.39
   20.57
   18.76
   16.96
   15.17
   13.38
   11.60
    9.82
    8.05
    6.28
    4.52
    2.76
    1.00
   -0.75
   -2.50
   -4.26
   -6.01
   -7.76
   -9.51
  -11.25
  -13.00
  -14.74
  -16.47
  -18.64
  -20.83
  -23.04
  -25.25
  -27.48
  -29.71
  -31.84
  -33.96
  -36.06
  -38.15
  -40.23
  -42.29
  -44.33
  -46.36
  -48.38
  -50.38
  -52.37
  -54.35
  -56.31
  -58.25
  -60.18
  -62.09
  -63.98
  -65.84
  -67.66
  -69.44
  -71.16
  -72.79
  -74.32
  -75.69
  -76.86
  -77.75
   39.53
   38.15
   36.69
   35.15
   33.53
   31.84
   30.10
   28.24
   26.38
   24.53
   22.68
   20.84
   19.01
   17.19
   15.37
   13.56
   11.76
    9.97
    8.18
    6.39
    4.61
    2.83
    1.06
   -0.72
   -2.49
   -4.26
   -6.02
   -7.79
   -9.55
  -11.31
  -13.06
  -14.80
  -16.95
  -19.11
  -21.28
  -23.47
  -25.67
  -27.88
  -30.10
  -32.23
  -34.34
  -36.45
  -38.54
  -40.61
  -42.67
  -44.71
  -46.74
  -48.75
  -50.74
  -52.71
  -54.67
  -56.61
  -58.53
  -60.43
  -62.29
  -64.13
  -65.92
  -67.66
  -69.34
  -70.93
  -72.40
  -73.73
  -74.87
  -75.76
   39.53
   38.15
   36.69
   35.15
   33.53
   31.84
   30.10
   28.24
   26.38
   24.53
   22.68
   20.84
   19.01
   17.19
   15.37
   13.56
   11.76
    9.97
    8.18
    6.39
    4.61
    2.83
    1.06
   -0.72
   -2.49
   -4.26
   -6.02
   -7.79
   -9.55
  -11.31
  -13.06
  -14.80
  -16.95
  -19.11
  -21.28
  -23.47
  -25.67
  -27.88
  -30.10
  -32.23
  -34.34
  -36.45
  -38.54
  -40.61
  -42.67
  -44.71
  -46.74
  -48.75
  -50.74
  -52.71
  -54.67
  -56.61
  -58.53
  -60.43
  -62.29
  -64.13
  -65.92
  -67.66
  -69.34
  -70.93
  -72.40
  -73.73
  -74.87
  -75.76
   39.53
   38.15
   36.69
   35.15
   33.53
   31.84
   30.10
   28.24
   26.38
   24.53
   22.68
   20.84
   19.01
   17.19
   15.37
   13.56
   11.76
    9.97
    8.18
    6.39
    4.61
    2.83
    1.06
   -0.72
   -2.49
   -4.26
   -6.02
   -7.79
   -9.55
  -11.31
  -13.06
  -14.80
  -16.95
  -19.11
  -21.28
  -23.47
  -25.67
  -27.88
  -30.10
  -32.23
  -34.34
  -36.45
  -38.54
  -40.61
  -42.67
  -44.71
  -46.74
  -48.75
  -50.74
  -52.71
  -54.67
  -56.61
  -58.53
  -60.43
  -62.29
  -64.13
  -65.92
  -67.66
  -69.34
  -70.93
  -72.40
  -73.73
  -74.87
  -75.76
   39.53
   38.15
   36.69
   35.15
   33.53
   31.84
   30.10
   28.24
   26.38
   24.53
   22.68
   20.84
   19.01
   17.19
   15.37
   13.56
   11.76
    9.97
    8.18
    6.39
    4.61
    2.83
    1.06
   -0.72
   -2.49
   -4.26
   -6.02
   -7.79
   -9.55
  -11.31
  -13.06
  -14.80
  -16.95
  -19.11
  -21.28
  -23.47
  -25.67
  -27.88
  -30.10
  -32.23
  -34.34
  -36.45
  -38.54
  -40.61
  -42.67
  -44.71
  -46.74
  -48.75
  -50.74
  -52.71
  -54.67
  -56.61
  -58.53
  -60.43
  -62.29
  -64.13
  -65.92
  -67.66
  -69.34
  -70.93
  -72.40
  -73.73
  -74.87
  -75.76
   39.53
   38.15
   36.69
   35.15
   33.53
   31.84
   30.10
   28.24
   26.38
   24.53
   22.68
   20.84
   19.01
   17.19
   15.37
   13.56
   11.76
    9.97
    8.18
    6.39
    4.61
    2.83
    1.06
   -0.72
   -2.49
   -4.26
   -6.02
   -7.79
   -9.55
  -11.31
  -13.06
  -14.80
  -16.95
  -19.11
  -21.28
  -23.47
  -25.67
  -27.88
  -30.10
  -32.23
  -34.34
  -36.45
  -38.54
  -40.61
  -42.67
  -44.71
  -46.74
  -48.75
  -50.74
  -52.71
  -54.67
  -56.61
  -58.53
  -60.43
  -62.29
  -64.13
  -65.92
  -67.66
  -69.34
  -70.93
  -72.40
  -73.73
  -74.87
  -75.76
   41.53
   40.19
   38.75
   37.23
   35.63
   33.96
   32.23
   30.44
   28.56
   26.68
   24.80
   22.93
   21.08
   19.22
   17.38
   15.54
   13.71
   11.89
   10.08
    8.27
    6.46
    4.66
    2.87
    1.08
   -0.72
   -2.50
   -4.29
   -6.07
   -7.84
   -9.62
  -11.38
  -13.14
  -15.25
  -17.38
  -19.53
  -21.69
  -23.86
  -26.05
  -28.24
  -30.44
  -32.57
  -34.69
  -36.79
  -38.87
  -40.94
  -42.99
  -45.03
  -47.04
  -49.04
  -51.02
  -52.97
  -54.91
  -56.82
  -58.70
  -60.55
  -62.36
  -64.13
  -65.84
  -67.48
  -69.03
  -70.47
  -71.77
  -72.88
  -73.78
   41.53
   40.19
   38.75
   37.23
   35.63
   33.96
   32.23
   30.44
   28.56
   26.68
   24.80
   22.93
   21.08
   19.22
   17.38
   15.54
   13.71
   11.89
   10.08
    8.27
    6.46
    4.66
    2.87
    1.08
   -0.72
   -2.50
   -4.29
   -6.07
   -7.84
   -9.62
  -11.38
  -13.14
  -15.25
  -17.38
  -19.53
  -21.69
  -23.86
  -26.05
  -28.24
  -30.44
  -32.57
  -34.69
  -36.79
  -38.87
  -40.94
  -42.99
  -45.03
  -47.04
  -49.04
  -51.02
  -52.97
  -54.91
  -56.82
  -58.70
  -60.55
  -62.36
  -64.13
  -65.84
  -67.48
  -69.03
  -70.47
  -71.77
  -72.88
  -73.78
   41.53
   40.19
   38.75
   37.23
   35.63
   33.96
   32.23
   30.44
   28.56
   26.68
   24.80
   22.93
   21.08
   19.22
   17.38
   15.54
   13.71
   11.89
   10.08
    8.27
    6.46
    4.66
    2.87
    1.08
   -0.72
   -2.50
   -4.29
   -6.07
   -7.84
   -9.62
  -11.38
  -13.14
  -15.25
  -17.38
  -19.53
  -21.69
  -23.86
  -26.05
  -28.24
  -30.44
  -32.57
  -34.69
  -36.79
  -38.87
  -40.94
  -42.99
  -45.03
  -47.04
  -49.04
  -51.02
  -52.97
  -54.91
  -56.82
  -58.70
  -60.55
  -62.36
  -64.13
  -65.84
  -67.48
  -69.03
  -70.47
  -71.77
  -72.88
  -73.78
   41.53
   40.19
   38.75
   37.23
   35.63
   33.96
   32.23
   30.44
   28.56
   26.68
   24.80
   22.93
   21.08
   19.22
   17.38
   15.54
   13.71
   11.89
   10.08
    8.27
    6.46
    4.66
    2.87
    1.08
   -0.72
   -2.50
   -4.29
   -6.07
   -7.84
   -9.62
  -11.38
  -13.14
  -15.25
  -17.38
  -19.53
  -21.69
  -23.86
  -26.05
  -28.24
  -30.44
  -32.57
  -34.69
  -36.79
  -38.87
  -40.94
  -42.99
  -45.03
  -47.04
  -49.04
  -51.02
  -52.97
  -54.91
  -56.82
  -58.70
  -60.55
  -62.36
  -64.13
  -65.84
  -67.48
  -69.03
  -70.47
  -71.77
  -72.88
  -73.78
   41.53
   40.19
   38.75
   37.23
   35.63
   33.96
   32.23
   30.44
   28.56
   26.68
   24.80
   22.93
   21.08
   19.22
   17.38
   15.54
   13.71
   11.89
   10.08
    8.27
    6.46
    4.66
    2.87
    1.08
   -0.72
   -2.50
   -4.29
   -6.07
   -7.84
   -9.62
  -11.38
  -13.14
  -15.25
  -17.38
  -19.53
  -21.69
  -23.86
  -26.05
  -28.24
  -30.44
  -32.57
  -34.69
  -36.79
  -38.87
  -40.94
  -42.99
  -45.03
  -47.04
  -49.04
  -51.02
  -52.97
  -54.91
  -56.82
  -58.70
  -60.55
  -62.36
  -64.13
  -65.84
  -67.48
  -69.03
  -70.47
  -71.77
  -72.88
  -73.78
   43.53
   42.21
   40.80
   39.30
   37.72
   36.06
   34.34
   32.57
   30.74
   28.84
   26.93
   25.04
   23.15
   21.27
   19.40
   17.53
   15.68
   13.83
   11.98
   10.15
    8.32
    6.50
    4.68
    2.87
    1.06
   -0.75
   -2.55
   -4.35
   -6.14
   -7.93
   -9.71
  -11.49
  -13.57
  -15.67
  -17.79
  -19.92
  -22.06
  -24.22
  -26.38
  -28.56
  -30.74
  -32.87
  -34.98
  -37.08
  -39.16
  -41.22
  -43.26
  -45.28
  -47.28
  -49.26
  -51.22
  -53.15
  -55.05
  -56.92
  -58.75
  -60.55
  -62.29
  -63.98
  -65.59
  -67.11
  -68.53
  -69.80
  -70.91
  -71.82
   43.53
   42.21
   40.80
   39.30
   37.72
   36.06
   34.34
   32.57
   30.74
   28.84
   26.93
   25.04
   23.15
   21.27
   19.40
   17.53
   15.68
   13.83
   11.98
   10.15
    8.32
    6.50
    4.68
    2.87
    1.06
   -0.75
   -2.55
   -4.35
   -6.14
   -7.93
   -9.71
  -11.49
  -13.57
  -15.67
  -17.79
  -19.92
  -22.06
  -24.22
  -26.38
  -28.56
  -30.74
  -32.87
  -34.98
  -37.08
  -39.16
  -41.22
  -43.26
  -45.28
  -47.28
  -49.26
  -51.22
  -53.15
  -55.05
  -56.92
  -58.75
  -60.55
  -62.29
  -63.98
  -65.59
  -67.11
  -68.53
  -69.80
  -70.91
  -71.82
   43.53
   42.21
   40.80
   39.30
   37.72
   36.06
   34.34
   32.57
   30.74
   28.84
   26.93
   25.04
   23.15
   21.27
   19.40
   17.53
   15.68
   13.83
   11.98
   10.15
    8.32
    6.50
    4.68
    2.87
    1.06
   -0.75
   -2.55
   -4.35
   -6.14
   -7.93
   -9.71
  -11.49
  -13.57
  -15.67
  -17.79
  -19.92
  -22.06
  -24.22
  -26.38
  -28.56
  -30.74
  -32.87
  -34.98
  -37.08
  -39.16
  -41.22
  -43.26
  -45.28
  -47.28
  -49.26
  -51.22
  -53.15
  -55.05
  -56.92
  -58.75
  -60.55
  -62.29
  -63.98
  -65.59
  -67.11
  -68.53
  -69.80
  -70.91
  -71.82
   43.53
   42.21
   40.80
   39.30
   37.72
   36.06
   34.34
   32.57
   30.74
   28.84
   26.93
   25.04
   23.15
   21.27
   19.40
   17.53
   15.68
   13.83
   11.98
   10.15
    8.32
    6.50
    4.68
    2.87
    1.06
   -0.75
   -2.55
   -4.35
   -6.14
   -7.93
   -9.71
  -11.49
  -13.57
  -15.67
  -17.79
  -19.92
  -22.06
  -24.22
  -26.38
  -28.56
  -30.74
  -32.87
  -34.98
  -37.08
  -39.16
  -41.22
  -43.26
  -45.28
  -47.28
  -49.26
  -51.22
  -53.15
  -55.05
  -56.92
  -58.75
  -60.55
  -62.29
  -63.98
  -65.59
  -67.11
  -68.53
  -69.80
  -70.91
  -71.82
   43.53
   42.21
   40.80
   39.30
   37.72
   36.06
   34.34
   32.57
   30.74
   28.84
   26.93
   25.04
   23.15
   21.27
   19.40
   17.53
   15.68
   13.83
   11.98
   10.15
    8.32
    6.50
    4.68
    2.87
    1.06
   -0.75
   -2.55
   -4.35
   -6.14
   -7.93
   -9.71
  -11.49
  -13.57
  -15.67
  -17.79
  -19.92
  -22.06
  -24.22
  -26.38
  -28.56
  -30.74
  -32.87
  -34.98
  -37.08
  -39.16
  -41.22
  -43.26
  -45.28
  -47.28
  -49.26
  -51.22
  -53.15
  -55.05
  -56.92
  -58.75
  -60.55
  -62.29
  -63.98
  -65.59
  -67.11
  -68.53
  -69.80
  -70.91
  -71.82
   45.51
   44.22
   42.83
   41.35
   39.79
   38.15
   36.45
   34.69
   32.87
   31.00
   29.07
   27.15
   25.23
   23.33
   21.42
   19.53
   17.65
   15.77
   13.90
   12.04
   10.19
    8.34
    6.50
    4.66
    2.83
    1.00
   -0.82
   -2.63
   -4.45
   -6.25
   -8.05
   -9.84
  -11.89
  -13.96
  -16.05
  -18.15
  -20.26
  -22.39
  -24.53
  -26.68
  -28.84
  -31.00
  -33.12
  -35.23
  -37.32
  -39.39
  -41.44
  -43.46
  -45.47
  -47.45
  -49.41
  -51.34
  -53.23
  -55.10
  -56.92
  -58.70
  -60.43
  -62.09
  -63.68
  -65.19
  -66.58
  -67.84
  -68.95
  -69.87
   45.51
   44.22
   42.83
   41.35
   39.79
   38.15
   36.45
   34.69
   32.87
   31.00
   29.07
   27.15
   25.23
   23.33
   21.42
   19.53
   17.65
   15.77
   13.90
   12.04
   10.19
    8.34
    6.50
    4.66
    2.83
    1.00
   -0.82
   -2.63
   -4.45
   -6.25
   -8.05
   -9.84
  -11.89
  -13.96
  -16.05
  -18.15
  -20.26
  -22.39
  -24.53
  -26.68
  -28.84
  -31.00
  -33.12
  -35.23
  -37.32
  -39.39
  -41.44
  -43.46
  -45.47
  -47.45
  -49.41
  -51.34
  -53.23
  -55.10
  -56.92
  -58.70
  -60.43
  -62.09
  -63.68
  -65.19
  -66.58
  -67.84
  -68.95
  -69.87
   45.51
   44.22
   42.83
   41.35
   39.79
   38.15
   36.45
   34.69
   32.87
   31.00
   29.07
   27.15
   25.23
   23.33
   21.42
   19.53
   17.65
   15.77
   13.90
   12.04
   10.19
    8.34
    6.50
    4.66
    2.83
    1.00
   -0.82
   -2.63
   -4.45
   -6.25
   -8.05
   -9.84
  -11.89
  -13.96
  -16.05
  -18.15
  -20.26
  -22.39
  -24.53
  -26.68
  -28.84
  -31.00
  -33.12
  -35.23
  -37.32
  -39.39
  -41.44
  -43.46
  -45.47
  -47.45
  -49.41
  -51.34
  -53.23
  -55.10
  -56.92
  -58.70
  -60.43
  -62.09
  -63.68
  -65.19
  -66.58
  -67.84
  -68.95
  -69.87
   45.51
   44.22
   42.83
   41.35
   39.79
   38.15
   36.45
   34.69
   32.87
   31.00
   29.07
   27.15
   25.23
   23.33
   21.42
   19.53
   17.65
   15.77
   13.90
   12.04
   10.19
    8.34
    6.50
    4.66
    2.83
    1.00
   -0.82
   -2.63
   -4.45
   -6.25
   -8.05
   -9.84
  -11.89
  -13.96
  -16.05
  -18.15
  -20.26
  -22.39
  -24.53
  -26.68
  -28.84
  -31.00
  -33.12
  -35.23
  -37.32
  -39.39
  -41.44
  -43.46
  -45.47
  -47.45
  -49.41
  -51.34
  -53.23
  -55.10
  -56.92
  -58.70
  -60.43
  -62.09
  -63.68
  -65.19
  -66.58
  -67.84
  -68.95
  -69.87
   45.51
   44.22
   42.83
   41.35
   39.79
   38.15
   36.45
   34.69
   32.87
   31.00
   29.07
   27.15
   25.23
   23.33
   21.42
   19.53
   17.65
   15.77
   13.90
   12.04
   10.19
    8.34
    6.50
    4.66
    2.83
    1.00
   -0.82
   -2.63
   -4.45
   -6.25
   -8.05
   -9.84
  -11.89
  -13.96
  -16.05
  -18.15
  -20.26
  -22.39
  -24.53
  -26.68
  -28.84
  -31.00
  -33.12
  -35.23
  -37.32
  -39.39
  -41.44
  -43.46
  -45.47
  -47.45
  -49.41
  -51.34
  -53.23
  -55.10
  -56.92
  -58.70
  -60.43
  -62.09
  -63.68
  -65.19
  -66.58
  -67.84
  -68.95
  -69.87
   47.48
   46.22
   44.85
   43.39
   41.85
   40.23
   38.54
   36.79
   34.98
   33.12
   31.22
   29.27
   27.33
   25.39
   23.46
   21.54
   19.63
   17.72
   15.83
   13.94
   12.06
   10.19
    8.32
    6.46
    4.61
    2.76
    0.92
   -0.92
   -2.75
   -4.57
   -6.39
   -8.19
  -10.22
  -12.26
  -14.32
  -16.39
  -18.48
  -20.57
  -22.68
  -24.80
  -26.93
  -29.07
  -31.22
  -33.33
  -35.43
  -37.51
  -39.57
  -41.60
  -43.61
  -45.60
  -47.55
  -49.48
  -51.38
  -53.23
  -55.05
  -56.82
  -58.53
  -60.18
  -61.76
  -63.24
  -64.63
  -65.88
  -66.99
  -67.92
   47.48
   46.22
   44.85
   43.39
   41.85
   40.23
   38.54
   36.79
   34.98
   33.12
   31.22
   29.27
   27.33
   25.39
   23.46
   21.54
   19.63
   17.72
   15.83
   13.94
   12.06
   10.19
    8.32
    6.46
    4.61
    2.76
    0.92
   -0.92
   -2.75
   -4.57
   -6.39
   -8.19
  -10.22
  -12.26
  -14.32
  -16.39
  -18.48
  -20.57
  -22.68
  -24.80
  -26.93
  -29.07
  -31.22
  -33.33
  -35.43
  -37.51
  -39.57
  -41.60
  -43.61
  -45.60
  -47.55
  -49.48
  -51.38
  -53.23
  -55.05
  -56.82
  -58.53
  -60.18
  -61.76
  -63.24
  -64.63
  -65.88
  -66.99
  -67.92
   47.48
   46.22
   44.85
   43.39
   41.85
   40.23
   38.54
   36.79
   34.98
   33.12
   31.22
   29.27
   27.33
   25.39
   23.46
   21.54
   19.63
   17.72
   15.83
   13.94
   12.06
   10.19
    8.32
    6.46
    4.61
    2.76
    0.92
   -0.92
   -2.75
   -4.57
   -6.39
   -8.19
  -10.22
  -12.26
  -14.32
  -16.39
  -18.48
  -20.57
  -22.68
  -24.80
  -26.93
  -29.07
  -31.22
  -33.33
  -35.43
  -37.51
  -39.57
  -41.60
  -43.61
  -45.60
  -47.55
  -49.48
  -51.38
  -53.23
  -55.05
  -56.82
  -58.53
  -60.18
  -61.76
  -63.24
  -64.63
  -65.88
  -66.99
  -67.92
   47.48
   46.22
   44.85
   43.39
   41.85
   40.23
   38.54
   36.79
   34.98
   33.12
   31.22
   29.27
   27.33
   25.39
   23.46
   21.54
   19.63
   17.72
   15.83
   13.94
   12.06
   10.19
    8.32
    6.46
    4.61
    2.76
    0.92
   -0.92
   -2.75
   -4.57
   -6.39
   -8.19
  -10.22
  -12.26
  -14.32
  -16.39
  -18.48
  -20.57
  -22.68
  -24.80
  -26.93
  -29.07
  -31.22
  -33.33
  -35.43
  -37.51
  -39.57
  -41.60
  -43.61
  -45.60
  -47.55
  -49.48
  -51.38
  -53.23
  -55.05
  -56.82
  -58.53
  -60.18
  -61.76
  -63.24
  -64.63
  -65.88
  -66.99
  -67.92
   47.48
   46.22
   44.85
   43.39
   41.85
   40.23
   38.54
   36.79
   34.98
   33.12
   31.22
   29.27
   27.33
   25.39
   23.46
   21.54
   19.63
   17.72
   15.83
   13.94
   12.06
   10.19
    8.32
    6.46
    4.61
    2.76
    0.92
   -0.92
   -2.75
   -4.57
   -6.39
   -8.19
  -10.22
  -12.26
  -14.32
  -16.39
  -18.48
  -20.57
  -22.68
  -24.80
  -26.93
  -29.07
  -31.22
  -33.33
  -35.43
  -37.51
  -39.57
  -41.60
  -43.61
  -45.60
  -47.55
  -49.48
  -51.38
  -53.23
  -55.05
  -56.82
  -58.53
  -60.18
  -61.76
  -63.24
  -64.63
  -65.88
  -66.99
  -67.92
   49.45
   48.21
   46.86
   45.42
   43.89
   42.29
   40.61
   38.87
   37.08
   35.23
   33.33
   31.40
   29.43
   27.47
   25.51
   23.56
   21.62
   19.69
   17.76
   15.85
   13.94
   12.04
   10.15
    8.27
    6.39
    4.52
    2.66
    0.80
   -1.05
   -2.89
   -4.73
   -6.55
   -8.55
  -10.56
  -12.60
  -14.64
  -16.70
  -18.76
  -20.84
  -22.93
  -25.04
  -27.15
  -29.27
  -31.40
  -33.50
  -35.59
  -37.65
  -39.69
  -41.71
  -43.70
  -45.66
  -47.59
  -49.48
  -51.34
  -53.15
  -54.91
  -56.61
  -58.25
  -59.82
  -61.30
  -62.67
  -63.92
  -65.03
  -65.99
   49.45
   48.21
   46.86
   45.42
   43.89
   42.29
   40.61
   38.87
   37.08
   35.23
   33.33
   31.40
   29.43
   27.47
   25.51
   23.56
   21.62
   19.69
   17.76
   15.85
   13.94
   12.04
   10.15
    8.27
    6.39
    4.52
    2.66
    0.80
   -1.05
   -2.89
   -4.73
   -6.55
   -8.55
  -10.56
  -12.60
  -14.64
  -16.70
  -18.76
  -20.84
  -22.93
  -25.04
  -27.15
  -29.27
  -31.40
  -33.50
  -35.59
  -37.65
  -39.69
  -41.71
  -43.70
  -45.66
  -47.59
  -49.48
  -51.34
  -53.15
  -54.91
  -56.61
  -58.25
  -59.82
  -61.30
  -62.67
  -63.92
  -65.03
  -65.99
   49.45
   48.21
   46.86
   45.42
   43.89
   42.29
   40.61
   38.87
   37.08
   35.23
   33.33
   31.40
   29.43
   27.47
   25.51
   23.56
   21.62
   19.69
   17.76
   15.85
   13.94
   12.04
   10.15
    8.27
    6.39
    4.52
    2.66
    0.80
   -1.05
   -2.89
   -4.73
   -6.55
   -8.55
  -10.56
  -12.60
  -14.64
  -16.70
  -18.76
  -20.84
  -22.93
  -25.04
  -27.15
  -29.27
  -31.40
  -33.50
  -35.59
  -37.65
  -39.69
  -41.71
  -43.70
  -45.66
  -47.59
  -49.48
  -51.34
  -53.15
  -54.91
  -56.61
  -58.25
  -59.82
  -61.30
  -62.67
  -63.92
  -65.03
  -65.99
   49.45
   48.21
   46.86
   45.42
   43.89
   42.29
   40.61
   38.87
   37.08
   35.23
   33.33
   31.40
   29.43
   27.47
   25.51
   23.56
   21.62
   19.69
   17.76
   15.85
   13.94
   12.04
   10.15
    8.27
    6.39
    4.52
    2.66
    0.80
   -1.05
   -2.89
   -4.73
   -6.55
   -8.55
  -10.56
  -12.60
  -14.64
  -16.70
  -18.76
  -20.84
  -22.93
  -25.04
  -27.15
  -29.27
  -31.40
  -33.50
  -35.59
  -37.65
  -39.69
  -41.71
  -43.70
  -45.66
  -47.59
  -49.48
  -51.34
  -53.15
  -54.91
  -56.61
  -58.25
  -59.82
  -61.30
  -62.67
  -63.92
  -65.03
  -65.99
   49.45
   48.21
   46.86
   45.42
   43.89
   42.29
   40.61
   38.87
   37.08
   35.23
   33.33
   31.40
   29.43
   27.47
   25.51
   23.56
   21.62
   19.69
   17.76
   15.85
   13.94
   12.04
   10.15
    8.27
    6.39
    4.52
    2.66
    0.80
   -1.05
   -2.89
   -4.73
   -6.55
   -8.55
  -10.56
  -12.60
  -14.64
  -16.70
  -18.76
  -20.84
  -22.93
  -25.04
  -27.15
  -29.27
  -31.40
  -33.50
  -35.59
  -37.65
  -39.69
  -41.71
  -43.70
  -45.66
  -47.59
  -49.48
  -51.34
  -53.15
  -54.91
  -56.61
  -58.25
  -59.82
  -61.30
  -62.67
  -63.92
  -65.03
  -65.99
   51.41
   50.19
   48.86
   47.43
   45.92
   44.33
   42.67
   40.94
   39.16
   37.32
   35.43
   33.50
   31.54
   29.55
   27.57
   25.59
   23.62
   21.66
   19.70
   17.76
   15.83
   13.90
   11.98
   10.08
    8.18
    6.28
    4.40
    2.52
    0.65
   -1.22
   -3.07
   -4.91
   -6.88
   -8.87
  -10.88
  -12.89
  -14.92
  -16.96
  -19.01
  -21.08
  -23.15
  -25.23
  -27.33
  -29.43
  -31.54
  -33.63
  -35.70
  -37.75
  -39.77
  -41.77
  -43.73
  -45.66
  -47.55
  -49.41
  -51.22
  -52.97
  -54.67
  -56.31
  -57.87
  -59.34
  -60.71
  -61.96
  -63.09
  -64.05
   51.41
   50.19
   48.86
   47.43
   45.92
   44.33
   42.67
   40.94
   39.16
   37.32
   35.43
   33.50
   31.54
   29.55
   27.57
   25.59
   23.62
   21.66
   19.70
   17.76
   15.83
   13.90
   11.98
   10.08
    8.18
    6.28
    4.40
    2.52
    0.65
   -1.22
   -3.07
   -4.91
   -6.88
   -8.87
  -10.88
  -12.89
  -14.92
  -16.96
  -19.01
  -21.08
  -23.15
  -25.23
  -27.33
  -29.43
  -31.54
  -33.63
  -35.70
  -37.75
  -39.77
  -41.77
  -43.73
  -45.66
  -47.55
  -49.41
  -51.22
  -52.97
  -54.67
  -56.31
  -57.87
  -59.34
  -60.71
  -61.96
  -63.09
  -64.05
   51.41
   50.19
   48.86
   47.43
   45.92
   44.33
   42.67
   40.94
   39.16
   37.32
   35.43
   33.50
   31.54
   29.55
   27.57
   25.59
   23.62
   21.66
   19.70
   17.76
   15.83
   13.90
   11.98
   10.08
    8.18
    6.28
    4.40
    2.52
    0.65
   -1.22
   -3.07
   -4.91
   -6.88
   -8.87
  -10.88
  -12.89
  -14.92
  -16.96
  -19.01
  -21.08
  -23.15
  -25.23
  -27.33
  -29.43
  -31.54
  -33.63
  -35.70
  -37.75
  -39.77
  -41.77
  -43.73
  -45.66
  -47.55
  -49.41
  -51.22
  -52.97
  -54.67
  -56.31
  -57.87
  -59.34
  -60.71
  -61.96
  -63.09
  -64.05
   51.41
   50.19
   48.86
   47.43
   45.92
   44.33
   42.67
   40.94
   39.16
   37.32
   35.43
   33.50
   31.54
   29.55
   27.57
   25.59
   23.62
   21.66
   19.70
   17.76
   15.83
   13.90
   11.98
   10.08
    8.18
    6.28
    4.40
    2.52
    0.65
   -1.22
   -3.07
   -4.91
   -6.88
   -8.87
  -10.88
  -12.89
  -14.92
  -16.96
  -19.01
  -21.08
  -23.15
  -25.23
  -27.33
  -29.43
  -31.54
  -33.63
  -35.70
  -37.75
  -39.77
  -41.77
  -43.73
  -45.66
  -47.55
  -49.41
  -51.22
  -52.97
  -54.67
  -56.31
  -57.87
  -59.34
  -60.71
  -61.96
  -63.09
  -64.05
   51.41
   50.19
   48.86
   47.43
   45.92
   44.33
   42.67
   40.94
   39.16
   37.32
   35.43
   33.50
   31.54
   29.55
   27.57
   25.59
   23.62
   21.66
   19.70
   17.76
   15.83
   13.90
   11.98
   10.08
    8.18
    6.28
    4.40
    2.52
    0.65
   -1.22
   -3.07
   -4.91
   -6.88
   -8.87
  -10.88
  -12.89
  -14.92
  -16.96
  -19.01
  -21.08
  -23.15
  -25.23
  -27.33
  -29.43
  -31.54
  -33.63
  -35.70
  -37.75
  -39.77
  -41.77
  -43.73
  -45.66
  -47.55
  -49.41
  -51.22
  -52.97
  -54.67
  -56.31
  -57.87
  -59.34
  -60.71
  -61.96
  -63.09
  -64.05
   53.36
   52.16
   50.85
   49.44
   47.94
   46.36
   44.71
   42.99
   41.22
   39.39
   37.51
   35.59
   33.63
   31.64
   29.63
   27.62
   25.63
   23.64
   21.66
   19.69
   17.72
   15.77
   13.83
   11.89
    9.97
    8.05
    6.14
    4.24
    2.35
    0.46
   -1.41
   -3.27
   -5.22
   -7.18
   -9.16
  -11.15
  -13.15
  -15.17
  -17.19
  -19.22
  -21.27
  -23.33
  -25.39
  -27.47
  -29.55
  -31.64
  -33.71
  -35.77
  -37.80
  -39.80
  -41.77
  -43.70
  -45.60
  -47.45
  -49.26
  -51.02
  -52.71
  -54.35
  -55.90
  -57.37
  -58.75
  -60.01
  -61.14
  -62.13
   53.36
   52.16
   50.85
   49.44
   47.94
   46.36
   44.71
   42.99
   41.22
   39.39
   37.51
   35.59
   33.63
   31.64
   29.63
   27.62
   25.63
   23.64
   21.66
   19.69
   17.72
   15.77
   13.83
   11.89
    9.97
    8.05
    6.14
    4.24
    2.35
    0.46
   -1.41
   -3.27
   -5.22
   -7.18
   -9.16
  -11.15
  -13.15
  -15.17
  -17.19
  -19.22
  -21.27
  -23.33
  -25.39
  -27.47
  -29.55
  -31.64
  -33.71
  -35.77
  -37.80
  -39.80
  -41.77
  -43.70
  -45.60
  -47.45
  -49.26
  -51.02
  -52.71
  -54.35
  -55.90
  -57.37
  -58.75
  -60.01
  -61.14
  -62.13
   53.36
   52.16
   50.85
   49.44
   47.94
   46.36
   44.71
   42.99
   41.22
   39.39
   37.51
   35.59
   33.63
   31.64
   29.63
   27.62
   25.63
   23.64
   21.66
   19.69
   17.72
   15.77
   13.83
   11.89
    9.97
    8.05
    6.14
    4.24
    2.35
    0.46
   -1.41
   -3.27
   -5.22
   -7.18
   -9.16
  -11.15
  -13.15
  -15.17
  -17.19
  -19.22
  -21.27
  -23.33
  -25.39
  -27.47
  -29.55
  -31.64
  -33.71
  -35.77
  -37.80
  -39.80
  -41.77
  -43.70
  -45.60
  -47.45
  -49.26
  -51.02
  -52.71
  -54.35
  -55.90
  -57.37
  -58.75
  -60.01
  -61.14
  -62.13
   53.36
   52.16
   50.85
   49.44
   47.94
   46.36
   44.71
   42.99
   41.22
   39.39
   37.51
   35.59
   33.63
   31.64
   29.63
   27.62
   25.63
   23.64
   21.66
   19.69
   17.72
   15.77
   13.83
   11.89
    9.97
    8.05
    6.14
    4.24
    2.35
    0.46
   -1.41
   -3.27
   -5.22
   -7.18
   -9.16
  -11.15
  -13.15
  -15.17
  -17.19
  -19.22
  -21.27
  -23.33
  -25.39
  -27.47
  -29.55
  -31.64
  -33.71
  -35.77
  -37.80
  -39.80
  -41.77
  -43.70
  -45.60
  -47.45
  -49.26
  -51.02
  -52.71
  -54.35
  -55.90
  -57.37
  -58.75
  -60.01
  -61.14
  -62.13
   53.36
   52.16
   50.85
   49.44
   47.94
   46.36
   44.71
   42.99
   41.22
   39.39
   37.51
   35.59
   33.63
   31.64
   29.63
   27.62
   25.63
   23.64
   21.66
   19.69
   17.72
   15.77
   13.83
   11.89
    9.97
    8.05
    6.14
    4.24
    2.35
    0.46
   -1.41
   -3.27
   -5.22
   -7.18
   -9.16
  -11.15
  -13.15
  -15.17
  -17.19
  -19.22
  -21.27
  -23.33
  -25.39
  -27.47
  -29.55
  -31.64
  -33.71
  -35.77
  -37.80
  -39.80
  -41.77
  -43.70
  -45.60
  -47.45
  -49.26
  -51.02
  -52.71
  -54.35
  -55.90
  -57.37
  -58.75
  -60.01
  -61.14
  -62.13
   55.31
   54.13
   52.83
   51.44
   49.95
   48.38
   46.74
   45.03
   43.26
   41.44
   39.57
   37.65
   35.70
   33.71
   31.70
   29.67
   27.64
   25.63
   23.62
   21.62
   19.63
   17.65
   15.68
   13.71
   11.76
    9.82
    7.89
    5.96
    4.05
    2.14
    0.25
   -1.63
   -3.56
   -5.50
   -7.45
   -9.42
  -11.39
  -13.38
  -15.37
  -17.38
  -19.40
  -21.42
  -23.46
  -25.51
  -27.57
  -29.63
  -31.70
  -33.76
  -35.79
  -37.80
  -39.77
  -41.71
  -43.61
  -45.47
  -47.28
  -49.04
  -50.74
  -52.37
  -53.93
  -55.40
  -56.78
  -58.05
  -59.20
  -60.20
   55.31
   54.13
   52.83
   51.44
   49.95
   48.38
   46.74
   45.03
   43.26
   41.44
   39.57
   37.65
   35.70
   33.71
   31.70
   29.67
   27.64
   25.63
   23.62
   21.62
   19.63
   17.65
   15.68
   13.71
   11.76
    9.82
    7.89
    5.96
    4.05
    2.14
    0.25
   -1.63
   -3.56
   -5.50
   -7.45
   -9.42
  -11.39
  -13.38
  -15.37
  -17.38
  -19.40
  -21.42
  -23.46
  -25.51
  -27.57
  -29.63
  -31.70
  -33.76
  -35.79
  -37.80
  -39.77
  -41.71
  -43.61
  -45.47
  -47.28
  -49.04
  -50.74
  -52.37
  -53.93
  -55.40
  -56.78
  -58.05
  -59.20
  -60.20
   55.31
   54.13
   52.83
   51.44
   49.95
   48.38
   46.74
   45.03
   43.26
   41.44
   39.57
   37.65
   35.70
   33.71
   31.70
   29.67
   27.64
   25.63
   23.62
   21.62
   19.63
   17.65
   15.68
   13.71
   11.76
    9.82
    7.89
    5.96
    4.05
    2.14
    0.25
   -1.63
   -3.56
   -5.50
   -7.45
   -9.42
  -11.39
  -13.38
  -15.37
  -17.38
  -19.40
  -21.42
  -23.46
  -25.51
  -27.57
  -29.63
  -31.70
  -33.76
  -35.79
  -37.80
  -39.77
  -41.71
  -43.61
  -45.47
  -47.28
  -49.04
  -50.74
  -52.37
  -53.93
  -55.40
  -56.78
  -58.05
  -59.20
  -60.20
   55.31
   54.13
   52.83
   51.44
   49.95
   48.38
   46.74
   45.03
   43.26
   41.44
   39.57
   37.65
   35.70
   33.71
   31.70
   29.67
   27.64
   25.63
   23.62
   21.62
   19.63
   17.65
   15.68
   13.71
   11.76
    9.82
    7.89
    5.96
    4.05
    2.14
    0.25
   -1.63
   -3.56
   -5.50
   -7.45
   -9.42
  -11.39
  -13.38
  -15.37
  -17.38
  -19.40
  -21.42
  -23.46
  -25.51
  -27.57
  -29.63
  -31.70
  -33.76
  -35.79
  -37.80
  -39.77
  -41.71
  -43.61
  -45.47
  -47.28
  -49.04
  -50.74
  -52.37
  -53.93
  -55.40
  -56.78
  -58.05
  -59.20
  -60.20
   55.31
   54.13
   52.83
   51.44
   49.95
   48.38
   46.74
   45.03
   43.26
   41.44
   39.57
   37.65
   35.70
   33.71
   31.70
   29.67
   27.64
   25.63
   23.62
   21.62
   19.63
   17.65
   15.68
   13.71
   11.76
    9.82
    7.89
    5.96
    4.05
    2.14
    0.25
   -1.63
   -3.56
   -5.50
   -7.45
   -9.42
  -11.39
  -13.38
  -15.37
  -17.38
  -19.40
  -21.42
  -23.46
  -25.51
  -27.57
  -29.63
  -31.70
  -33.76
  -35.79
  -37.80
  -39.77
  -41.71
  -43.61
  -45.47
  -47.28
  -49.04
  -50.74
  -52.37
  -53.93
  -55.40
  -56.78
  -58.05
  -59.20
  -60.20
   57.25
   56.09
   54.81
   53.42
   51.94
   50.38
   48.75
   47.04
   45.28
   43.46
   41.60
   39.69
   37.75
   35.77
   33.76
   31.72
   29.67
   27.62
   25.59
   23.56
   21.54
   19.53
   17.53
   15.54
   13.56
   11.60
    9.64
    7.69
    5.75
    3.82
    1.90
   -0.00
   -1.90
   -3.82
   -5.75
   -7.69
   -9.64
  -11.60
  -13.56
  -15.54
  -17.53
  -19.53
  -21.54
  -23.56
  -25.59
  -27.62
  -29.67
  -31.72
  -33.76
  -35.77
  -37.75
  -39.69
  -41.60
  -43.46
  -45.28
  -47.04
  -48.75
  -50.38
  -51.94
  -53.42
  -54.81
  -56.09
  -57.25
  -58.28
   57.25
   56.09
   54.81
   53.42
   51.94
   50.38
   48.75
   47.04
   45.28
   43.46
   41.60
   39.69
   37.75
   35.77
   33.76
   31.72
   29.67
   27.62
   25.59
   23.56
   21.54
   19.53
   17.53
   15.54
   13.56
   11.60
    9.64
    7.69
    5.75
    3.82
    1.90
   -0.00
   -1.90
   -3.82
   -5.75
   -7.69
   -9.64
  -11.60
  -13.56
  -15.54
  -17.53
  -19.53
  -21.54
  -23.56
  -25.59
  -27.62
  -29.67
  -31.72
  -33.76
  -35.77
  -37.75
  -39.69
  -41.60
  -43.46
  -45.28
  -47.04
  -48.75
  -50.38
  -51.94
  -53.42
  -54.81
  -56.09
  -57.25
  -58.28
   57.25
   56.09
   54.81
   53.42
   51.94
   50.38
   48.75
   47.04
   45.28
   43.46
   41.60
   39.69
   37.75
   35.77
   33.76
   31.72
   29.67
   27.62
   25.59
   23.56
   21.54
   19.53
   17.53
   15.54
   13.56
   11.60
    9.64
    7.69
    5.75
    3.82
    1.90
   -0.00
   -1.90
   -3.82
   -5.75
   -7.69
   -9.64
  -11.60
  -13.56
  -15.54
  -17.53
  -19.53
  -21.54
  -23.56
  -25.59
  -27.62
  -29.67
  -31.72
  -33.76
  -35.77
  -37.75
  -39.69
  -41.60
  -43.46
  -45.28
  -47.04
  -48.75
  -50.38
  -51.94
  -53.42
  -54.81
  -56.09
  -57.25
  -58.28
   57.25
   56.09
   54.81
   53.42
   51.94
   50.38
   48.75
   47.04
   45.28
   43.46
   41.60
   39.69
   37.75
   35.77
   33.76
   31.72
   29.67
   27.62
   25.59
   23.56
   21.54
   19.53
   17.53
   15.54
   13.56
   11.60
    9.64
    7.69
    5.75
    3.82
    1.90
   -0.00
   -1.90
   -3.82
   -5.75
   -7.69
   -9.64
  -11.60
  -13.56
  -15.54
  -17.53
  -19.53
  -21.54
  -23.56
  -25.59
  -27.62
  -29.67
  -31.72
  -33.76
  -35.77
  -37.75
  -39.69
  -41.60
  -43.46
  -45.28
  -47.04
  -48.75
  -50.38
  -51.94
  -53.42
  -54.81
  -56.09
  -57.25
  -58.28
   57.25
   56.09
   54.81
   53.42
   51.94
   50.38
   48.75
   47.04
   45.28
   43.46
   41.60
   39.69
   37.75
   35.77
   33.76
   31.72
   29.67
   27.62
   25.59
   23.56
   21.54
   19.53
   17.53
   15.54
   13.56
   11.60
    9.64
    7.69
    5.75
    3.82
    1.90
   -0.00
   -1.90
   -3.82
   -5.75
   -7.69
   -9.64
  -11.60
  -13.56
  -15.54
  -17.53
  -19.53
  -21.54
  -23.56
  -25.59
  -27.62
  -29.67
  -31.72
  -33.76
  -35.77
  -37.75
  -39.69
  -41.60
  -43.46
  -45.28
  -47.04
  -48.75
  -50.38
  -51.94
  -53.42
  -54.81
  -56.09
  -57.25
  -58.28
   59.20
   58.05
   56.78
   55.40
   53.93
   52.37
   50.74
   49.04
   47.28
   45.47
   43.61
   41.71
   39.77
   37.80
   35.79
   33.76
   31.70
   29.63
   27.57
   25.51
   23.46
   21.42
   19.40
   17.38
   15.37
   13.38
   11.39
    9.42
    7.45
    5.50
    3.56
    1.63
   -0.25
   -2.14
   -4.05
   -5.96
   -7.89
   -9.82
  -11.76
  -13.71
  -15.68
  -17.65
  -19.63
  -21.62
  -23.62
  -25.63
  -27.64
  -29.67
  -31.70
  -33.71
  -35.70
  -37.65
  -39.57
  -41.44
  -43.26
  -45.03
  -46.74
  -48.38
  -49.95
  -51.44
  -52.83
  -54.13
  -55.31
  -56.36
   59.20
   58.05
   56.78
   55.40
   53.93
   52.37
   50.74
   49.04
   47.28
   45.47
   43.61
   41.71
   39.77
   37.80
   35.79
   33.76
   31.70
   29.63
   27.57
   25.51
   23.46
   21.42
   19.40
   17.38
   15.37
   13.38
   11.39
    9.42
    7.45
    5.50
    3.56
    1.63
   -0.25
   -2.14
   -4.05
   -5.96
   -7.89
   -9.82
  -11.76
  -13.71
  -15.68
  -17.65
  -19.63
  -21.62
  -23.62
  -25.63
  -27.64
  -29.67
  -31.70
  -33.71
  -35.70
  -37.65
  -39.57
  -41.44
  -43.26
  -45.03
  -46.74
  -48.38
  -49.95
  -51.44
  -52.83
  -54.13
  -55.31
  -56.36
   59.20
   58.05
   56.78
   55.40
   53.93
   52.37
   50.74
   49.04
   47.28
   45.47
   43.61
   41.71
   39.77
   37.80
   35.79
   33.76
   31.70
   29.63
   27.57
   25.51
   23.46
   21.42
   19.40
   17.38
   15.37
   13.38
   11.39
    9.42
    7.45
    5.50
    3.56
    1.63
   -0.25
   -2.14
   -4.05
   -5.96
   -7.89
   -9.82
  -11.76
  -13.71
  -15.68
  -17.65
  -19.63
  -21.62
  -23.62
  -25.63
  -27.64
  -29.67
  -31.70
  -33.71
  -35.70
  -37.65
  -39.57
  -41.44
  -43.26
  -45.03
  -46.74
  -48.38
  -49.95
  -51.44
  -52.83
  -54.13
  -55.31
  -56.36
   59.20
   58.05
   56.78
   55.40
   53.93
   52.37
   50.74
   49.04
   47.28
   45.47
   43.61
   41.71
   39.77
   37.80
   35.79
   33.76
   31.70
   29.63
   27.57
   25.51
   23.46
   21.42
   19.40
   17.38
   15.37
   13.38
   11.39
    9.42
    7.45
    5.50
    3.56
    1.63
   -0.25
   -2.14
   -4.05
   -5.96
   -7.89
   -9.82
  -11.76
  -13.71
  -15.68
  -17.65
  -19.63
  -21.62
  -23.62
  -25.63
  -27.64
  -29.67
  -31.70
  -33.71
  -35.70
  -37.65
  -39.57
  -41.44
  -43.26
  -45.03
  -46.74
  -48.38
  -49.95
  -51.44
  -52.83
  -54.13
  -55.31
  -56.36
   59.20
   58.05
   56.78
   55.40
   53.93
   52.37
   50.74
   49.04
   47.28
   45.47
   43.61
   41.71
   39.77
   37.80
   35.79
   33.76
   31.70
   29.63
   27.57
   25.51
   23.46
   21.42
   19.40
   17.38
   15.37
   13.38
   11.39
    9.42
    7.45
    5.50
    3.56
    1.63
   -0.25
   -2.14
   -4.05
   -5.96
   -7.89
   -9.82
  -11.76
  -13.71
  -15.68
  -17.65
  -19.63
  -21.62
  -23.62
  -25.63
  -27.64
  -29.67
  -31.70
  -33.71
  -35.70
  -37.65
  -39.57
  -41.44
  -43.26
  -45.03
  -46.74
  -48.38
  -49.95
  -51.44
  -52.83
  -54.13
  -55.31
  -56.36
   61.14
   60.01
   58.75
   57.37
   55.90
   54.35
   52.71
   51.02
   49.26
   47.45
   45.60
   43.70
   41.77
   39.80
   37.80
   35.77
   33.71
   31.64
   29.55
   27.47
   25.39
   23.33
   21.27
   19.22
   17.19
   15.17
   13.15
   11.15
    9.16
    7.18
    5.22
    3.27
    1.41
   -0.46
   -2.35
   -4.24
   -6.14
   -8.05
   -9.97
  -11.89
  -13.83
  -15.77
  -17.72
  -19.69
  -21.66
  -23.64
  -25.63
  -27.62
  -29.63
  -31.64
  -33.63
  -35.59
  -37.51
  -39.39
  -41.22
  -42.99
  -44.71
  -46.36
  -47.94
  -49.44
  -50.85
  -52.16
  -53.36
  -54.44
   61.14
   60.01
   58.75
   57.37
   55.90
   54.35
   52.71
   51.02
   49.26
   47.45
   45.60
   43.70
   41.77
   39.80
   37.80
   35.77
   33.71
   31.64
   29.55
   27.47
   25.39
   23.33
   21.27
   19.22
   17.19
   15.17
   13.15
   11.15
    9.16
    7.18
    5.22
    3.27
    1.41
   -0.46
   -2.35
   -4.24
   -6.14
   -8.05
   -9.97
  -11.89
  -13.83
  -15.77
  -17.72
  -19.69
  -21.66
  -23.64
  -25.63
  -27.62
  -29.63
  -31.64
  -33.63
  -35.59
  -37.51
  -39.39
  -41.22
  -42.99
  -44.71
  -46.36
  -47.94
  -49.44
  -50.85
  -52.16
  -53.36
  -54.44
   61.14
   60.01
   58.75
   57.37
   55.90
   54.35
   52.71
   51.02
   49.26
   47.45
   45.60
   43.70
   41.77
   39.80
   37.80
   35.77
   33.71
   31.64
   29.55
   27.47
   25.39
   23.33
   21.27
   19.22
   17.19
   15.17
   13.15
   11.15
    9.16
    7.18
    5.22
    3.27
    1.41
   -0.46
   -2.35
   -4.24
   -6.14
   -8.05
   -9.97
  -11.89
  -13.83
  -15.77
  -17.72
  -19.69
  -21.66
  -23.64
  -25.63
  -27.62
  -29.63
  -31.64
  -33.63
  -35.59
  -37.51
  -39.39
  -41.22
  -42.99
  -44.71
  -46.36
  -47.94
  -49.44
  -50.85
  -52.16
  -53.36
  -54.44
   61.14
   60.01
   58.75
   57.37
   55.90
   54.35
   52.71
   51.02
   49.26
   47.45
   45.60
   43.70
   41.77
   39.80
   37.80
   35.77
   33.71
   31.64
   29.55
   27.47
   25.39
   23.33
   21.27
   19.22
   17.19
   15.17
   13.15
   11.15
    9.16
    7.18
    5.22
    3.27
    1.41
   -0.46
   -2.35
   -4.24
   -6.14
   -8.05
   -9.97
  -11.89
  -13.83
  -15.77
  -17.72
  -19.69
  -21.66
  -23.64
  -25.63
  -27.62
  -29.63
  -31.64
  -33.63
  -35.59
  -37.51
  -39.39
  -41.22
  -42.99
  -44.71
  -46.36
  -47.94
  -49.44
  -50.85
  -52.16
  -53.36
  -54.44
   61.14
   60.01
   58.75
   57.37
   55.90
   54.35
   52.71
   51.02
   49.26
   47.45
   45.60
   43.70
   41.77
   39.80
   37.80
   35.77
   33.71
   31.64
   29.55
   27.47
   25.39
   23.33
   21.27
   19.22
   17.19
   15.17
   13.15
   11.15
    9.16
    7.18
    5.22
    3.27
    1.41
   -0.46
   -2.35
   -4.24
   -6.14
   -8.05
   -9.97
  -11.89
  -13.83
  -15.77
  -17.72
  -19.69
  -21.66
  -23.64
  -25.63
  -27.62
  -29.63
  -31.64
  -33.63
  -35.59
  -37.51
  -39.39
  -41.22
  -42.99
  -44.71
  -46.36
  -47.94
  -49.44
  -50.85
  -52.16
  -53.36
  -54.44
   63.09
   61.96
   60.71
   59.34
   57.87
   56.31
   54.67
   52.97
   51.22
   49.41
   47.55
   45.66
   43.73
   41.77
   39.77
   37.75
   35.70
   33.63
   31.54
   29.43
   27.33
   25.23
   23.15
   21.08
   19.01
   16.96
   14.92
   12.89
   10.88
    8.87
    6.88
    4.91
    3.07
    1.22
   -0.65
   -2.52
   -4.40
   -6.28
   -8.18
  -10.08
  -11.98
  -13.90
  -15.83
  -17.76
  -19.70
  -21.66
  -23.62
  -25.59
  -27.57
  -29.55
  -31.54
  -33.50
  -35.43
  -37.32
  -39.16
  -40.94
  -42.67
  -44.33
  -45.92
  -47.43
  -48.86
  -50.19
  -51.41
  -52.51
   63.09
   61.96
   60.71
   59.34
   57.87
   56.31
   54.67
   52.97
   51.22
   49.41
   47.55
   45.66
   43.73
   41.77
   39.77
   37.75
   35.70
   33.63
   31.54
   29.43
   27.33
   25.23
   23.15
   21.08
   19.01
   16.96
   14.92
   12.89
   10.88
    8.87
    6.88
    4.91
    3.07
    1.22
   -0.65
   -2.52
   -4.40
   -6.28
   -8.18
  -10.08
  -11.98
  -13.90
  -15.83
  -17.76
  -19.70
  -21.66
  -23.62
  -25.59
  -27.57
  -29.55
  -31.54
  -33.50
  -35.43
  -37.32
  -39.16
  -40.94
  -42.67
  -44.33
  -45.92
  -47.43
  -48.86
  -50.19
  -51.41
  -52.51
   63.09
   61.96
   60.71
   59.34
   57.87
   56.31
   54.67
   52.97
   51.22
   49.41
   47.55
   45.66
   43.73
   41.77
   39.77
   37.75
   35.70
   33.63
   31.54
   29.43
   27.33
   25.23
   23.15
   21.08
   19.01
   16.96
   14.92
   12.89
   10.88
    8.87
    6.88
    4.91
    3.07
    1.22
   -0.65
   -2.52
   -4.40
   -6.28
   -8.18
  -10.08
  -11.98
  -13.90
  -15.83
  -17.76
  -19.70
  -21.66
  -23.62
  -25.59
  -27.57
  -29.55
  -31.54
  -33.50
  -35.43
  -37.32
  -39.16
  -40.94
  -42.67
  -44.33
  -45.92
  -47.43
  -48.86
  -50.19
  -51.41
  -52.51
   63.09
   61.96
   60.71
   59.34
   57.87
   56.31
   54.67
   52.97
   51.22
   49.41
   47.55
   45.66
   43.73
   41.77
   39.77
   37.75
   35.70
   33.63
   31.54
   29.43
   27.33
   25.23
   23.15
   21.08
   19.01
   16.96
   14.92
   12.89
   10.88
    8.87
    6.88
    4.91
    3.07
    1.22
   -0.65
   -2.52
   -4.40
   -6.28
   -8.18
  -10.08
  -11.98
  -13.90
  -15.83
  -17.76
  -19.70
  -21.66
  -23.62
  -25.59
  -27.57
  -29.55
  -31.54
  -33.50
  -35.43
  -37.32
  -39.16
  -40.94
  -42.67
  -44.33
  -45.92
  -47.43
  -48.86
  -50.19
  -51.41
  -52.51
   63.09
   61.96
   60.71
   59.34
   57.87
   56.31
   54.67
   52.97
   51.22
   49.41
   47.55
   45.66
   43.73
   41.77
   39.77
   37.75
   35.70
   33.63
   31.54
   29.43
   27.33
   25.23
   23.15
   21.08
   19.01
   16.96
   14.92
   12.89
   10.88
    8.87
    6.88
    4.91
    3.07
    1.22
   -0.65
   -2.52
   -4.40
   -6.28
   -8.18
  -10.08
  -11.98
  -13.90
  -15.83
  -17.76
  -19.70
  -21.66
  -23.62
  -25.59
  -27.57
  -29.55
  -31.54
  -33.50
  -35.43
  -37.32
  -39.16
  -40.94
  -42.67
  -44.33
  -45.92
  -47.43
  -48.86
  -50.19
  -51.41
  -52.51
   65.03
   63.92
   62.67
   61.30
   59.82
   58.25
   56.61
   54.91
   53.15
   51.34
   49.48
   47.59
   45.66
   43.70
   41.71
   39.69
   37.65
   35.59
   33.50
   31.40
   29.27
   27.15
   25.04
   22.93
   20.84
   18.76
   16.70
   14.64
   12.60
   10.56
    8.55
    6.55
    4.73
    2.89
    1.05
   -0.80
   -2.66
   -4.52
   -6.39
   -8.27
  -10.15
  -12.04
  -13.94
  -15.85
  -17.76
  -19.69
  -21.62
  -23.56
  -25.51
  -27.47
  -29.43
  -31.40
  -33.33
  -35.23
  -37.08
  -38.87
  -40.61
  -42.29
  -43.89
  -45.42
  -46.86
  -48.21
  -49.45
  -50.58
   65.03
   63.92
   62.67
   61.30
   59.82
   58.25
   56.61
   54.91
   53.15
   51.34
   49.48
   47.59
   45.66
   43.70
   41.71
   39.69
   37.65
   35.59
   33.50
   31.40
   29.27
   27.15
   25.04
   22.93
   20.84
   18.76
   16.70
   14.64
   12.60
   10.56
    8.55
    6.55
    4.73
    2.89
    1.05
   -0.80
   -2.66
   -4.52
   -6.39
   -8.27
  -10.15
  -12.04
  -13.94
  -15.85
  -17.76
  -19.69
  -21.62
  -23.56
  -25.51
  -27.47
  -29.43
  -31.40
  -33.33
  -35.23
  -37.08
  -38.87
  -40.61
  -42.29
  -43.89
  -45.42
  -46.86
  -48.21
  -49.45
  -50.58
   65.03
   63.92
   62.67
   61.30
   59.82
   58.25
   56.61
   54.91
   53.15
   51.34
   49.48
   47.59
   45.66
   43.70
   41.71
   39.69
   37.65
   35.59
   33.50
   31.40
   29.27
   27.15
   25.04
   22.93
   20.84
   18.76
   16.70
   14.64
   12.60
   10.56
    8.55
    6.55
    4.73
    2.89
    1.05
   -0.80
   -2.66
   -4.52
   -6.39
   -8.27
  -10.15
  -12.04
  -13.94
  -15.85
  -17.76
  -19.69
  -21.62
  -23.56
  -25.51
  -27.47
  -29.43
  -31.40
  -33.33
  -35.23
  -37.08
  -38.87
  -40.61
  -42.29
  -43.89
  -45.42
  -46.86
  -48.21
  -49.45
  -50.58
   65.03
   63.92
   62.67
   61.30
   59.82
   58.25
   56.61
   54.91
   53.15
   51.34
   49.48
   47.59
   45.66
   43.70
   41.71
   39.69
   37.65
   35.59
   33.50
   31.40
   29.27
   27.15
   25.04
   22.93
   20.84
   18.76
   16.70
   14.64
   12.60
   10.56
    8.55
    6.55
    4.73
    2.89
    1.05
   -0.80
   -2.66
   -4.52
   -6.39
   -8.27
  -10.15
  -12.04
  -13.94
  -15.85
  -17.76
  -19.69
  -21.62
  -23.56
  -25.51
  -27.47
  -29.43
  -31.40
  -33.33
  -35.23
  -37.08
  -38.87
  -40.61
  -42.29
  -43.89
  -45.42
  -46.86
  -48.21
  -49.45
  -50.58
   65.03
   63.92
   62.67
   61.30
   59.82
   58.25
   56.61
   54.91
   53.15
   51.34
   49.48
   47.59
   45.66
   43.70
   41.71
   39.69
   37.65
   35.59
   33.50
   31.40
   29.27
   27.15
   25.04
   22.93
   20.84
   18.76
   16.70
   14.64
   12.60
   10.56
    8.55
    6.55
    4.73
    2.89
    1.05
   -0.80
   -2.66
   -4.52
   -6.39
   -8.27
  -10.15
  -12.04
  -13.94
  -15.85
  -17.76
  -19.69
  -21.62
  -23.56
  -25.51
  -27.47
  -29.43
  -31.40
  -33.33
  -35.23
  -37.08
  -38.87
  -40.61
  -42.29
  -43.89
  -45.42
  -46.86
  -48.21
  -49.45
  -50.58
   66.99
   65.88
   64.63
   63.24
   61.76
   60.18
   58.53
   56.82
   55.05
   53.23
   51.38
   49.48
   47.55
   45.60
   43.61
   41.60
   39.57
   37.51
   35.43
   33.33
   31.22
   29.07
   26.93
   24.80
   22.68
   20.57
   18.48
   16.39
   14.32
   12.26
   10.22
    8.19
    6.39
    4.57
    2.75
    0.92
   -0.92
   -2.76
   -4.61
   -6.46
   -8.32
  -10.19
  -12.06
  -13.94
  -15.83
  -17.72
  -19.63
  -21.54
  -23.46
  -25.39
  -27.33
  -29.27
  -31.22
  -33.12
  -34.98
  -36.79
  -38.54
  -40.23
  -41.85
  -43.39
  -44.85
  -46.22
  -47.48
  -48.64
   66.99
   65.88
   64.63
   63.24
   61.76
   60.18
   58.53
   56.82
   55.05
   53.23
   51.38
   49.48
   47.55
   45.60
   43.61
   41.60
   39.57
   37.51
   35.43
   33.33
   31.22
   29.07
   26.93
   24.80
   22.68
   20.57
   18.48
   16.39
   14.32
   12.26
   10.22
    8.19
    6.39
    4.57
    2.75
    0.92
   -0.92
   -2.76
   -4.61
   -6.46
   -8.32
  -10.19
  -12.06
  -13.94
  -15.83
  -17.72
  -19.63
  -21.54
  -23.46
  -25.39
  -27.33
  -29.27
  -31.22
  -33.12
  -34.98
  -36.79
  -38.54
  -40.23
  -41.85
  -43.39
  -44.85
  -46.22
  -47.48
  -48.64
   66.99
   65.88
   64.63
   63.24
   61.76
   60.18
   58.53
   56.82
   55.05
   53.23
   51.38
   49.48
   47.55
   45.60
   43.61
   41.60
   39.57
   37.51
   35.43
   33.33
   31.22
   29.07
   26.93
   24.80
   22.68
   20.57
   18.48
   16.39
   14.32
   12.26
   10.22
    8.19
    6.39
    4.57
    2.75
    0.92
   -0.92
   -2.76
   -4.61
   -6.46
   -8.32
  -10.19
  -12.06
  -13.94
  -15.83
  -17.72
  -19.63
  -21.54
  -23.46
  -25.39
  -27.33
  -29.27
  -31.22
  -33.12
  -34.98
  -36.79
  -38.54
  -40.23
  -41.85
  -43.39
  -44.85
  -46.22
  -47.48
  -48.64
   66.99
   65.88
   64.63
   63.24
   61.76
   60.18
   58.53
   56.82
   55.05
   53.23
   51.38
   49.48
   47.55
   45.60
   43.61
   41.60
   39.57
   37.51
   35.43
   33.33
   31.22
   29.07
   26.93
   24.80
   22.68
   20.57
   18.48
   16.39
   14.32
   12.26
   10.22
    8.19
    6.39
    4.57
    2.75
    0.92
   -0.92
   -2.76
   -4.61
   -6.46
   -8.32
  -10.19
  -12.06
  -13.94
  -15.83
  -17.72
  -19.63
  -21.54
  -23.46
  -25.39
  -27.33
  -29.27
  -31.22
  -33.12
  -34.98
  -36.79
  -38.54
  -40.23
  -41.85
  -43.39
  -44.85
  -46.22
  -47.48
  -48.64
   66.99
   65.88
   64.63
   63.24
   61.76
   60.18
   58.53
   56.82
   55.05
   53.23
   51.38
   49.48
   47.55
   45.60
   43.61
   41.60
   39.57
   37.51
   35.43
   33.33
   31.22
   29.07
   26.93
   24.80
   22.68
   20.57
   18.48
   16.39
   14.32
   12.26
   10.22
    8.19
    6.39
    4.57
    2.75
    0.92
   -0.92
   -2.76
   -4.61
   -6.46
   -8.32
  -10.19
  -12.06
  -13.94
  -15.83
  -17.72
  -19.63
  -21.54
  -23.46
  -25.39
  -27.33
  -29.27
  -31.22
  -33.12
  -34.98
  -36.79
  -38.54
  -40.23
  -41.85
  -43.39
  -44.85
  -46.22
  -47.48
  -48.64
   68.95
   67.84
   66.58
   65.19
   63.68
   62.09
   60.43
   58.70
   56.92
   55.10
   53.23
   51.34
   49.41
   47.45
   45.47
   43.46
   41.44
   39.39
   37.32
   35.23
   33.12
   31.00
   28.84
   26.68
   24.53
   22.39
   20.26
   18.15
   16.05
   13.96
   11.89
    9.84
    8.05
    6.25
    4.45
    2.63
    0.82
   -1.00
   -2.83
   -4.66
   -6.50
   -8.34
  -10.19
  -12.04
  -13.90
  -15.77
  -17.65
  -19.53
  -21.42
  -23.33
  -25.23
  -27.15
  -29.07
  -31.00
  -32.87
  -34.69
  -36.45
  -38.15
  -39.79
  -41.35
  -42.83
  -44.22
  -45.51
  -46.70
   68.95
   67.84
   66.58
   65.19
   63.68
   62.09
   60.43
   58.70
   56.92
   55.10
   53.23
   51.34
   49.41
   47.45
   45.47
   43.46
   41.44
   39.39
   37.32
   35.23
   33.12
   31.00
   28.84
   26.68
   24.53
   22.39
   20.26
   18.15
   16.05
   13.96
   11.89
    9.84
    8.05
    6.25
    4.45
    2.63
    0.82
   -1.00
   -2.83
   -4.66
   -6.50
   -8.34
  -10.19
  -12.04
  -13.90
  -15.77
  -17.65
  -19.53
  -21.42
  -23.33
  -25.23
  -27.15
  -29.07
  -31.00
  -32.87
  -34.69
  -36.45
  -38.15
  -39.79
  -41.35
  -42.83
  -44.22
  -45.51
  -46.70
   68.95
   67.84
   66.58
   65.19
   63.68
   62.09
   60.43
   58.70
   56.92
   55.10
   53.23
   51.34
   49.41
   47.45
   45.47
   43.46
   41.44
   39.39
   37.32
   35.23
   33.12
   31.00
   28.84
   26.68
   24.53
   22.39
   20.26
   18.15
   16.05
   13.96
   11.89
    9.84
    8.05
    6.25
    4.45
    2.63
    0.82
   -1.00
   -2.83
   -4.66
   -6.50
   -8.34
  -10.19
  -12.04
  -13.90
  -15.77
  -17.65
  -19.53
  -21.42
  -23.33
  -25.23
  -27.15
  -29.07
  -31.00
  -32.87
  -34.69
  -36.45
  -38.15
  -39.79
  -41.35
  -42.83
  -44.22
  -45.51
  -46.70
   68.95
   67.84
   66.58
   65.19
   63.68
   62.09
   60.43
   58.70
   56.92
   55.10
   53.23
   51.34
   49.41
   47.45
   45.47
   43.46
   41.44
   39.39
   37.32
   35.23
   33.12
   31.00
   28.84
   26.68
   24.53
   22.39
   20.26
   18.15
   16.05
   13.96
   11.89
    9.84
    8.05
    6.25
    4.45
    2.63
    0.82
   -1.00
   -2.83
   -4.66
   -6.50
   -8.34
  -10.19
  -12.04
  -13.90
  -15.77
  -17.65
  -19.53
  -21.42
  -23.33
  -25.23
  -27.15
  -29.07
  -31.00
  -32.87
  -34.69
  -36.45
  -38.15
  -39.79
  -41.35
  -42.83
  -44.22
  -45.51
  -46.70
   68.95
   67.84
   66.58
   65.19
   63.68
   62.09
   60.43
   58.70
   56.92
   55.10
   53.23
   51.34
   49.41
   47.45
   45.47
   43.46
   41.44
   39.39
   37.32
   35.23
   33.12
   31.00
   28.84
   26.68
   24.53
   22.39
   20.26
   18.15
   16.05
   13.96
   11.89
    9.84
    8.05
    6.25
    4.45
    2.63
    0.82
   -1.00
   -2.83
   -4.66
   -6.50
   -8.34
  -10.19
  -12.04
  -13.90
  -15.77
  -17.65
  -19.53
  -21.42
  -23.33
  -25.23
  -27.15
  -29.07
  -31.00
  -32.87
  -34.69
  -36.45
  -38.15
  -39.79
  -41.35
  -42.83
  -44.22
  -45.51
  -46.70
   70.91
   69.80
   68.53
   67.11
   65.59
   63.98
   62.29
   60.55
   58.75
   56.92
   55.05
   53.15
   51.22
   49.26
   47.28
   45.28
   43.26
   41.22
   39.16
   37.08
   34.98
   32.87
   30.74
   28.56
   26.38
   24.22
   22.06
   19.92
   17.79
   15.67
   13.57
   11.49
    9.71
    7.93
    6.14
    4.35
    2.55
    0.75
   -1.06
   -2.87
   -4.68
   -6.50
   -8.32
  -10.15
  -11.98
  -13.83
  -15.68
  -17.53
  -19.40
  -21.27
  -23.15
  -25.04
  -26.93
  -28.84
  -30.74
  -32.57
  -34.34
  -36.06
  -37.72
  -39.30
  -40.80
  -42.21
  -43.53
  -44.74
   70.91
   69.80
   68.53
   67.11
   65.59
   63.98
   62.29
   60.55
   58.75
   56.92
   55.05
   53.15
   51.22
   49.26
   47.28
   45.28
   43.26
   41.22
   39.16
   37.08
   34.98
   32.87
   30.74
   28.56
   26.38
   24.22
   22.06
   19.92
   17.79
   15.67
   13.57
   11.49
    9.71
    7.93
    6.14
    4.35
    2.55
    0.75
   -1.06
   -2.87
   -4.68
   -6.50
   -8.32
  -10.15
  -11.98
  -13.83
  -15.68
  -17.53
  -19.40
  -21.27
  -23.15
  -25.04
  -26.93
  -28.84
  -30.74
  -32.57
  -34.34
  -36.06
  -37.72
  -39.30
  -40.80
  -42.21
  -43.53
  -44.74
   70.91
   69.80
   68.53
   67.11
   65.59
   63.98
   62.29
   60.55
   58.75
   56.92
   55.05
   53.15
   51.22
   49.26
   47.28
   45.28
   43.26
   41.22
   39.16
   37.08
   34.98
   32.87
   30.74
   28.56
   26.38
   24.22
   22.06
   19.92
   17.79
   15.67
   13.57
   11.49
    9.71
    7.93
    6.14
    4.35
    2.55
    0.75
   -1.06
   -2.87
   -4.68
   -6.50
   -8.32
  -10.15
  -11.98
  -13.83
  -15.68
  -17.53
  -19.40
  -21.27
  -23.15
  -25.04
  -26.93
  -28.84
  -30.74
  -32.57
  -34.34
  -36.06
  -37.72
  -39.30
  -40.80
  -42.21
  -43.53
  -44.74
   70.91
   69.80
   68.53
   67.11
   65.59
   63.98
   62.29
   60.55
   58.75
   56.92
   55.05
   53.15
   51.22
   49.26
   47.28
   45.28
   43.26
   41.22
   39.16
   37.08
   34.98
   32.87
   30.74
   28.56
   26.38
   24.22
   22.06
   19.92
   17.79
   15.67
   13.57
   11.49
    9.71
    7.93
    6.14
    4.35
    2.55
    0.75
   -1.06
   -2.87
   -4.68
   -6.50
   -8.32
  -10.15
  -11.98
  -13.83
  -15.68
  -17.53
  -19.40
  -21.27
  -23.15
  -25.04
  -26.93
  -28.84
  -30.74
  -32.57
  -34.34
  -36.06
  -37.72
  -39.30
  -40.80
  -42.21
  -43.53
  -44.74
   70.91
   69.80
   68.53
   67.11
   65.59
   63.98
   62.29
   60.55
   58.75
   56.92
   55.05
   53.15
   51.22
   49.26
   47.28
   45.28
   43.26
   41.22
   39.16
   37.08
   34.98
   32.87
   30.74
   28.56
   26.38
   24.22
   22.06
   19.92
   17.79
   15.67
   13.57
   11.49
    9.71
    7.93
    6.14
    4.35
    2.55
    0.75
   -1.06
   -2.87
   -4.68
   -6.50
   -8.32
  -10.15
  -11.98
  -13.83
  -15.68
  -17.53
  -19.40
  -21.27
  -23.15
  -25.04
  -26.93
  -28.84
  -30.74
  -32.57
  -34.34
  -36.06
  -37.72
  -39.30
  -40.80
  -42.21
  -43.53
  -44.74
   72.88
   71.77
   70.47
   69.03
   67.48
   65.84
   64.13
   62.36
   60.55
   58.70
   56.82
   54.91
   52.97
   51.02
   49.04
   47.04
   45.03
   42.99
   40.94
   38.87
   36.79
   34.69
   32.57
   30.44
   28.24
   26.05
   23.86
   21.69
   19.53
   17.38
   15.25
   13.14
   11.38
    9.62
    7.84
    6.07
    4.29
    2.50
    0.72
   -1.08
   -2.87
   -4.66
   -6.46
   -8.27
  -10.08
  -11.89
  -13.71
  -15.54
  -17.38
  -19.22
  -21.08
  -22.93
  -24.80
  -26.68
  -28.56
  -30.44
  -32.23
  -33.96
  -35.63
  -37.23
  -38.75
  -40.19
  -41.53
  -42.78
   72.88
   71.77
   70.47
   69.03
   67.48
   65.84
   64.13
   62.36
   60.55
   58.70
   56.82
   54.91
   52.97
   51.02
   49.04
   47.04
   45.03
   42.99
   40.94
   38.87
   36.79
   34.69
   32.57
   30.44
   28.24
   26.05
   23.86
   21.69
   19.53
   17.38
   15.25
   13.14
   11.38
    9.62
    7.84
    6.07
    4.29
    2.50
    0.72
   -1.08
   -2.87
   -4.66
   -6.46
   -8.27
  -10.08
  -11.89
  -13.71
  -15.54
  -17.38
  -19.22
  -21.08
  -22.93
  -24.80
  -26.68
  -28.56
  -30.44
  -32.23
  -33.96
  -35.63
  -37.23
  -38.75
  -40.19
  -41.53
  -42.78
   72.88
   71.77
   70.47
   69.03
   67.48
   65.84
   64.13
   62.36
   60.55
   58.70
   56.82
   54.91
   52.97
   51.02
   49.04
   47.04
   45.03
   42.99
   40.94
   38.87
   36.79
   34.69
   32.57
   30.44
   28.24
   26.05
   23.86
   21.69
   19.53
   17.38
   15.25
   13.14
   11.38
    9.62
    7.84
    6.07
    4.29
    2.50
    0.72
   -1.08
   -2.87
   -4.66
   -6.46
   -8.27
  -10.08
  -11.89
  -13.71
  -15.54
  -17.38
  -19.22
  -21.08
  -22.93
  -24.80
  -26.68
  -28.56
  -30.44
  -32.23
  -33.96
  -35.63
  -37.23
  -38.75
  -40.19
  -41.53
  -42.78
   72.88
   71.77
   70.47
   69.03
   67.48
   65.84
   64.13
   62.36
   60.55
   58.70
   56.82
   54.91
   52.97
   51.02
   49.04
   47.04
   45.03
   42.99
   40.94
   38.87
   36.79
   34.69
   32.57
   30.44
   28.24
   26.05
   23.86
   21.69
   19.53
   17.38
   15.25
   13.14
   11.38
    9.62
    7.84
    6.07
    4.29
    2.50
    0.72
   -1.08
   -2.87
   -4.66
   -6.46
   -8.27
  -10.08
  -11.89
  -13.71
  -15.54
  -17.38
  -19.22
  -21.08
  -22.93
  -24.80
  -26.68
  -28.56
  -30.44
  -32.23
  -33.96
  -35.63
  -37.23
  -38.75
  -40.19
  -41.53
  -42.78
   72.88
   71.77
   70.47
   69.03
   67.48
   65.84
   64.13
   62.36
   60.55
   58.70
   56.82
   54.91
   52.97
   51.02
   49.04
   47.04
   45.03
   42.99
   40.94
   38.87
   36.79
   34.69
   32.57
   30.44
   28.24
   26.05
   23.86
   21.69
   19.53
   17.38
   15.25
   13.14
   11.38
    9.62
    7.84
    6.07
    4.29
    2.50
    0.72
   -1.08
   -2.87
   -4.66
   -6.46
   -8.27
  -10.08
  -11.89
  -13.71
  -15.54
  -17.38
  -19.22
  -21.08
  -22.93
  -24.80
  -26.68
  -28.56
  -30.44
  -32.23
  -33.96
  -35.63
  -37.23
  -38.75
  -40.19
  -41.53
  -42.78
   74.87
   73.73
   72.40
   70.93
   69.34
   67.66
   65.92
   64.13
   62.29
   60.43
   58.53
   56.61
   54.67
   52.71
   50.74
   48.75
   46.74
   44.71
   42.67
   40.61
   38.54
   36.45
   34.34
   32.23
   30.10
   27.88
   25.67
   23.47
   21.28
   19.11
   16.95
   14.80
   13.06
   11.31
    9.55
    7.79
    6.02
    4.26
    2.49
    0.72
   -1.06
   -2.83
   -4.61
   -6.39
   -8.18
   -9.97
  -11.76
  -13.56
  -15.37
  -17.19
  -19.01
  -20.84
  -22.68
  -24.53
  -26.38
  -28.24
  -30.10
  -31.84
  -33.53
  -35.15
  -36.69
  -38.15
  -39.53
  -40.80
   74.87
   73.73
   72.40
   70.93
   69.34
   67.66
   65.92
   64.13
   62.29
   60.43
   58.53
   56.61
   54.67
   52.71
   50.74
   48.75
   46.74
   44.71
   42.67
   40.61
   38.54
   36.45
   34.34
   32.23
   30.10
   27.88
   25.67
   23.47
   21.28
   19.11
   16.95
   14.80
   13.06
   11.31
    9.55
    7.79
    6.02
    4.26
    2.49
    0.72
   -1.06
   -2.83
   -4.61
   -6.39
   -8.18
   -9.97
  -11.76
  -13.56
  -15.37
  -17.19
  -19.01
  -20.84
  -22.68
  -24.53
  -26.38
  -28.24
  -30.10
  -31.84
  -33.53
  -35.15
  -36.69
  -38.15
  -39.53
  -40.80
   74.87
   73.73
   72.40
   70.93
   69.34
   67.66
   65.92
   64.13
   62.29
   60.43
   58.53
   56.61
   54.67
   52.71
   50.74
   48.75
   46.74
   44.71
   42.67
   40.61
   38.54
   36.45
   34.34
   32.23
   30.10
   27.88
   25.67
   23.47
   21.28
   19.11
   16.95
   14.80
   13.06
   11.31
    9.55
    7.79
    6.02
    4.26
    2.49
    0.72
   -1.06
   -2.83
   -4.61
   -6.39
   -8.18
   -9.97
  -11.76
  -13.56
  -15.37
  -17.19
  -19.01
  -20.84
  -22.68
  -24.53
  -26.38
  -28.24
  -30.10
  -31.84
  -33.53
  -35.15
  -36.69
  -38.15
  -39.53
  -40.80
   74.87
   73.73
   72.40
   70.93
   69.34
   67.66
   65.92
   64.13
   62.29
   60.43
   58.53
   56.61
   54.67
   52.71
   50.74
   48.75
   46.74
   44.71
   42.67
   40.61
   38.54
   36.45
   34.34
   32.23
   30.10
   27.88
   25.67
   23.47
   21.28
   19.11
   16.95
   14.80
   13.06
   11.31
    9.55
    7.79
    6.02
    4.26
    2.49
    0.72
   -1.06
   -2.83
   -4.61
   -6.39
   -8.18
   -9.97
  -11.76
  -13.56
  -15.37
  -17.19
  -19.01
  -20.84
  -22.68
  -24.53
  -26.38
  -28.24
  -30.10
  -31.84
  -33.53
  -35.15
  -36.69
  -38.15
  -39.53
  -40.80
   74.87
   73.73
   72.40
   70.93
   69.34
   67.66
   65.92
   64.13
   62.29
   60.43
   58.53
   56.61
   54.67
   52.71
   50.74
   48.75
   46.74
   44.71
   42.67
   40.61
   38.54
   36.45
   34.34
   32.23
   30.10
   27.88
   25.67
   23.47
   21.28
   19.11
   16.95
   14.80
   13.06
   11.31
    9.55
    7.79
    6.02
    4.26
    2.49
    0.72
   -1.06
   -2.83
   -4.61
   -6.39
   -8.18
   -9.97
  -11.76
  -13.56
  -15.37
  -17.19
  -19.01
  -20.84
  -22.68
  -24.53
  -26.38
  -28.24
  -30.10
  -31.84
  -33.53
  -35.15
  -36.69
  -38.15
  -39.53
  -40.80
   76.86
   75.69
   74.32
   72.79
   71.16
   69.44
   67.66
   65.84
   63.98
   62.09
   60.18
   58.25
   56.31
   54.35
   52.37
   50.38
   48.38
   46.36
   44.33
   42.29
   40.23
   38.15
   36.06
   33.96
   31.84
   29.71
   27.48
   25.25
   23.04
   20.83
   18.64
   16.47
   14.74
   13.00
   11.25
    9.51
    7.76
    6.01
    4.26
    2.50
    0.75
   -1.00
   -2.76
   -4.52
   -6.28
   -8.05
   -9.82
  -11.60
  -13.38
  -15.17
  -16.96
  -18.76
  -20.57
  -22.39
  -24.22
  -26.05
  -27.88
  -29.71
  -31.41
  -33.05
  -34.62
  -36.11
  -37.51
  -38.81
   76.86
   75.69
   74.32
   72.79
   71.16
   69.44
   67.66
   65.84
   63.98
   62.09
   60.18
   58.25
   56.31
   54.35
   52.37
   50.38
   48.38
   46.36
   44.33
   42.29
   40.23
   38.15
   36.06
   33.96
   31.84
   29.71
   27.48
   25.25
   23.04
   20.83
   18.64
   16.47
   14.74
   13.00
   11.25
    9.51
    7.76
    6.01
    4.26
    2.50
    0.75
   -1.00
   -2.76
   -4.52
   -6.28
   -8.05
   -9.82
  -11.60
  -13.38
  -15.17
  -16.96
  -18.76
  -20.57
  -22.39
  -24.22
  -26.05
  -27.88
  -29.71
  -31.41
  -33.05
  -34.62
  -36.11
  -37.51
  -38.81
   76.86
   75.69
   74.32
   72.79
   71.16
   69.44
   67.66
   65.84
   63.98
   62.09
   60.18
   58.25
   56.31
   54.35
   52.37
   50.38
   48.38
   46.36
   44.33
   42.29
   40.23
   38.15
   36.06
   33.96
   31.84
   29.71
   27.48
   25.25
   23.04
   20.83
   18.64
   16.47
   14.74
   13.00
   11.25
    9.51
    7.76
    6.01
    4.26
    2.50
    0.75
   -1.00
   -2.76
   -4.52
   -6.28
   -8.05
   -9.82
  -11.60
  -13.38
  -15.17
  -16.96
  -18.76
  -20.57
  -22.39
  -24.22
  -26.05
  -27.88
  -29.71
  -31.41
  -33.05
  -34.62
  -36.11
  -37.51
  -38.81
   76.86
   75.69
   74.32
   72.79
   71.16
   69.44
   67.66
   65.84
   63.98
   62.09
   60.18
   58.25
   56.31
   54.35
   52.37
   50.38
   48.38
   46.36
   44.33
   42.29
   40.23
   38.15
   36.06
   33.96
   31.84
   29.71
   27.48
   25.25
   23.04
   20.83
   18.64
   16.47
   14.74
   13.00
   11.25
    9.51
    7.76
    6.01
    4.26
    2.50
    0.75
   -1.00
   -2.76
   -4.52
   -6.28
   -8.05
   -9.82
  -11.60
  -13.38
  -15.17
  -16.96
  -18.76
  -20.57
  -22.39
  -24.22
  -26.05
  -27.88
  -29.71
  -31.41
  -33.05
  -34.62
  -36.11
  -37.51
  -38.81
   76.86
   75.69
   74.32
   72.79
   71.16
   69.44
   67.66
   65.84
   63.98
   62.09
   60.18
   58.25
   56.31
   54.35
   52.37
   50.38
   48.38
   46.36
   44.33
   42.29
   40.23
   38.15
   36.06
   33.96
   31.84
   29.71
   27.48
   25.25
   23.04
   20.83
   18.64
   16.47
   14.74
   13.00
   11.25
    9.51
    7.76
    6.01
    4.26
    2.50
    0.75
   -1.00
   -2.76
   -4.52
   -6.28
   -8.05
   -9.82
  -11.60
  -13.38
  -15.17
  -16.96
  -18.76
  -20.57
  -22.39
  -24.22
  -26.05
  -27.88
  -29.71
  -31.41
  -33.05
  -34.62
  -36.11
  -37.51
  -38.81
   78.85
   77.64
   76.21
   74.62
   72.93
   71.16
   69.34
   67.48
   65.59
   63.68
   61.76
   59.82
   57.87
   55.90
   53.93
   51.94
   49.95
   47.94
   45.92
   43.89
   41.85
   39.79
   37.72
   35.63
   33.53
   31.41
   29.29
   27.04
   24.80
   22.56
   20.35
   18.14
   16.42
   14.69
   12.96
   11.23
    9.49
    7.76
    6.02
    4.29
    2.55
    0.82
   -0.92
   -2.66
   -4.40
   -6.14
   -7.89
   -9.64
  -11.39
  -13.15
  -14.92
  -16.70
  -18.48
  -20.26
  -22.06
  -23.86
  -25.67
  -27.48
  -29.29
  -30.94
  -32.53
  -34.04
  -35.47
  -36.81
   78.85
   77.64
   76.21
   74.62
   72.93
   71.16
   69.34
   67.48
   65.59
   63.68
   61.76
   59.82
   57.87
   55.90
   53.93
   51.94
   49.95
   47.94
   45.92
   43.89
   41.85
   39.79
   37.72
   35.63
   33.53
   31.41
   29.29
   27.04
   24.80
   22.56
   20.35
   18.14
   16.42
   14.69
   12.96
   11.23
    9.49
    7.76
    6.02
    4.29
    2.55
    0.82
   -0.92
   -2.66
   -4.40
   -6.14
   -7.89
   -9.64
  -11.39
  -13.15
  -14.92
  -16.70
  -18.48
  -20.26
  -22.06
  -23.86
  -25.67
  -27.48
  -29.29
  -30.94
  -32.53
  -34.04
  -35.47
  -36.81
   78.85
   77.64
   76.21
   74.62
   72.93
   71.16
   69.34
   67.48
   65.59
   63.68
   61.76
   59.82
   57.87
   55.90
   53.93
   51.94
   49.95
   47.94
   45.92
   43.89
   41.85
   39.79
   37.72
   35.63
   33.53
   31.41
   29.29
   27.04
   24.80
   22.56
   20.35
   18.14
   16.42
   14.69
   12.96
   11.23
    9.49
    7.76
    6.02
    4.29
    2.55
    0.82
   -0.92
   -2.66
   -4.40
   -6.14
   -7.89
   -9.64
  -11.39
  -13.15
  -14.92
  -16.70
  -18.48
  -20.26
  -22.06
  -23.86
  -25.67
  -27.48
  -29.29
  -30.94
  -32.53
  -34.04
  -35.47
  -36.81
   78.85
   77.64
   76.21
   74.62
   72.93
   71.16
   69.34
   67.48
   65.59
   63.68
   61.76
   59.82
   57.87
   55.90
   53.93
   51.94
   49.95
   47.94
   45.92
   43.89
   41.85
   39.79
   37.72
   35.63
   33.53
   31.41
   29.29
   27.04
   24.80
   22.56
   20.35
   18.14
   16.42
   14.69
   12.96
   11.23
    9.49
    7.76
    6.02
    4.29
    2.55
    0.82
   -0.92
   -2.66
   -4.40
   -6.14
   -7.89
   -9.64
  -11.39
  -13.15
  -14.92
  -16.70
  -18.48
  -20.26
  -22.06
  -23.86
  -25.67
  -27.48
  -29.29
  -30.94
  -32.53
  -34.04
  -35.47
  -36.81
   78.85
   77.64
   76.21
   74.62
   72.93
   71.16
   69.34
   67.48
   65.59
   63.68
   61.76
   59.82
   57.87
   55.90
   53.93
   51.94
   49.95
   47.94
   45.92
   43.89
   41.85
   39.79
   37.72
   35.63
   33.53
   31.41
   29.29
   27.04
   24.80
   22.56
   20.35
   18.14
   16.42
   14.69
   12.96
   11.23
    9.49
    7.76
    6.02
    4.29
    2.55
    0.82
   -0.92
   -2.66
   -4.40
   -6.14
   -7.89
   -9.64
  -11.39
  -13.15
  -14.92
  -16.70
  -18.48
  -20.26
  -22.06
  -23.86
  -25.67
  -27.48
  -29.29
  -30.94
  -32.53
  -34.04
  -35.47
  -36.81
   80.85
   79.57
   78.05
   76.38
   74.62
   72.79
   70.93
   69.03
   67.11
   65.19
   63.24
   61.30
   59.34
   57.37
   55.40
   53.42
   51.44
   49.44
   47.43
   45.42
   43.39
   41.35
   39.30
   37.23
   35.15
   33.05
   30.94
   28.83
   26.56
   24.30
   22.05
   19.82
   18.11
   16.39
   14.67
   12.95
   11.23
    9.51
    7.79
    6.07
    4.35
    2.63
    0.92
   -0.80
   -2.52
   -4.24
   -5.96
   -7.69
   -9.42
  -11.15
  -12.89
  -14.64
  -16.39
  -18.15
  -19.92
  -21.69
  -23.47
  -25.25
  -27.04
  -28.83
  -30.43
  -31.97
  -33.42
  -34.79
   80.85
   79.57
   78.05
   76.38
   74.62
   72.79
   70.93
   69.03
   67.11
   65.19
   63.24
   61.30
   59.34
   57.37
   55.40
   53.42
   51.44
   49.44
   47.43
   45.42
   43.39
   41.35
   39.30
   37.23
   35.15
   33.05
   30.94
   28.83
   26.56
   24.30
   22.05
   19.82
   18.11
   16.39
   14.67
   12.95
   11.23
    9.51
    7.79
    6.07
    4.35
    2.63
    0.92
   -0.80
   -2.52
   -4.24
   -5.96
   -7.69
   -9.42
  -11.15
  -12.89
  -14.64
  -16.39
  -18.15
  -19.92
  -21.69
  -23.47
  -25.25
  -27.04
  -28.83
  -30.43
  -31.97
  -33.42
  -34.79
   80.85
   79.57
   78.05
   76.38
   74.62
   72.79
   70.93
   69.03
   67.11
   65.19
   63.24
   61.30
   59.34
   57.37
   55.40
   53.42
   51.44
   49.44
   47.43
   45.42
   43.39
   41.35
   39.30
   37.23
   35.15
   33.05
   30.94
   28.83
   26.56
   24.30
   22.05
   19.82
   18.11
   16.39
   14.67
   12.95
   11.23
    9.51
    7.79
    6.07
    4.35
    2.63
    0.92
   -0.80
   -2.52
   -4.24
   -5.96
   -7.69
   -9.42
  -11.15
  -12.89
  -14.64
  -16.39
  -18.15
  -19.92
  -21.69
  -23.47
  -25.25
  -27.04
  -28.83
  -30.43
  -31.97
  -33.42
  -34.79
   80.85
   79.57
   78.05
   76.38
   74.62
   72.79
   70.93
   69.03
   67.11
   65.19
   63.24
   61.30
   59.34
   57.37
   55.40
   53.42
   51.44
   49.44
   47.43
   45.42
   43.39
   41.35
   39.30
   37.23
   35.15
   33.05
   30.94
   28.83
   26.56
   24.30
   22.05
   19.82
   18.11
   16.39
   14.67
   12.95
   11.23
    9.51
    7.79
    6.07
    4.35
    2.63
    0.92
   -0.80
   -2.52
   -4.24
   -5.96
   -7.69
   -9.42
  -11.15
  -12.89
  -14.64
  -16.39
  -18.15
  -19.92
  -21.69
  -23.47
  -25.25
  -27.04
  -28.83
  -30.43
  -31.97
  -33.42
  -34.79
   80.85
   79.57
   78.05
   76.38
   74.62
   72.79
   70.93
   69.03
   67.11
   65.19
   63.24
   61.30
   59.34
   57.37
   55.40
   53.42
   51.44
   49.44
   47.43
   45.42
   43.39
   41.35
   39.30
   37.23
   35.15
   33.05
   30.94
   28.83
   26.56
   24.30
   22.05
   19.82
   18.11
   16.39
   14.67
   12.95
   11.23
    9.51
    7.79
    6.07
    4.35
    2.63
    0.92
   -0.80
   -2.52
   -4.24
   -5.96
   -7.69
   -9.42
  -11.15
  -12.89
  -14.64
  -16.39
  -18.15
  -19.92
  -21.69
  -23.47
  -25.25
  -27.04
  -28.83
  -30.43
  -31.97
  -33.42
  -34.79
   82.84
   81.45
   79.82
   78.05
   76.21
   74.32
   72.40
   70.47
   68.53
   66.58
   64.63
   62.67
   60.71
   58.75
   56.78
   54.81
   52.83
   50.85
   48.86
   46.86
   44.85
   42.83
   40.80
   38.75
   36.69
   34.62
   32.53
   30.43
   28.32
   26.04
   23.76
   21.51
   19.80
   18.09
   16.38
   14.67
   12.96
   11.25
    9.55
    7.84
    6.14
    4.45
    2.75
    1.05
   -0.65
   -2.35
   -4.05
   -5.75
   -7.45
   -9.16
  -10.88
  -12.60
  -14.32
  -16.05
  -17.79
  -19.53
  -21.28
  -23.04
  -24.80
  -26.56
  -28.32
  -29.88
  -31.36
  -32.75
   82.84
   81.45
   79.82
   78.05
   76.21
   74.32
   72.40
   70.47
   68.53
   66.58
   64.63
   62.67
   60.71
   58.75
   56.78
   54.81
   52.83
   50.85
   48.86
   46.86
   44.85
   42.83
   40.80
   38.75
   36.69
   34.62
   32.53
   30.43
   28.32
   26.04
   23.76
   21.51
   19.80
   18.09
   16.38
   14.67
   12.96
   11.25
    9.55
    7.84
    6.14
    4.45
    2.75
    1.05
   -0.65
   -2.35
   -4.05
   -5.75
   -7.45
   -9.16
  -10.88
  -12.60
  -14.32
  -16.05
  -17.79
  -19.53
  -21.28
  -23.04
  -24.80
  -26.56
  -28.32
  -29.88
  -31.36
  -32.75
   82.84
   81.45
   79.82
   78.05
   76.21
   74.32
   72.40
   70.47
   68.53
   66.58
   64.63
   62.67
   60.71
   58.75
   56.78
   54.81
   52.83
   50.85
   48.86
   46.86
   44.85
   42.83
   40.80
   38.75
   36.69
   34.62
   32.53
   30.43
   28.32
   26.04
   23.76
   21.51
   19.80
   18.09
   16.38
   14.67
   12.96
   11.25
    9.55
    7.84
    6.14
    4.45
    2.75
    1.05
   -0.65
   -2.35
   -4.05
   -5.75
   -7.45
   -9.16
  -10.88
  -12.60
  -14.32
  -16.05
  -17.79
  -19.53
  -21.28
  -23.04
  -24.80
  -26.56
  -28.32
  -29.88
  -31.36
  -32.75
   82.84
   81.45
   79.82
   78.05
   76.21
   74.32
   72.40
   70.47
   68.53
   66.58
   64.63
   62.67
   60.71
   58.75
   56.78
   54.81
   52.83
   50.85
   48.86
   46.86
   44.85
   42.83
   40.80
   38.75
   36.69
   34.62
   32.53
   30.43
   28.32
   26.04
   23.76
   21.51
   19.80
   18.09
   16.38
   14.67
   12.96
   11.25
    9.55
    7.84
    6.14
    4.45
    2.75
    1.05
   -0.65
   -2.35
   -4.05
   -5.75
   -7.45
   -9.16
  -10.88
  -12.60
  -14.32
  -16.05
  -17.79
  -19.53
  -21.28
  -23.04
  -24.80
  -26.56
  -28.32
  -29.88
  -31.36
  -32.75
   82.84
   81.45
   79.82
   78.05
   76.21
   74.32
   72.40
   70.47
   68.53
   66.58
   64.63
   62.67
   60.71
   58.75
   56.78
   54.81
   52.83
   50.85
   48.86
   46.86
   44.85
   42.83
   40.80
   38.75
   36.69
   34.62
   32.53
   30.43
   28.32
   26.04
   23.76
   21.51
   19.80
   18.09
   16.38
   14.67
   12.96
   11.25
    9.55
    7.84
    6.14
    4.45
    2.75
    1.05
   -0.65
   -2.35
   -4.05
   -5.75
   -7.45
   -9.16
  -10.88
  -12.60
  -14.32
  -16.05
  -17.79
  -19.53
  -21.28
  -23.04
  -24.80
  -26.56
  -28.32
  -29.88
  -31.36
  -32.75
   84.79
   83.23
   81.45
   79.57
   77.64
   75.69
   73.73
   71.77
   69.80
   67.84
   65.88
   63.92
   61.96
   60.01
   58.05
   56.09
   54.13
   52.16
   50.19
   48.21
   46.22
   44.22
   42.21
   40.19
   38.15
   36.11
   34.04
   31.97
   29.88
   27.77
   25.48
   23.19
   21.49
   19.79
   18.09
   16.39
   14.69
   13.00
   11.31
    9.62
    7.93
    6.25
    4.57
    2.89
    1.22
   -0.46
   -2.14
   -3.82
   -5.50
   -7.18
   -8.87
  -10.56
  -12.26
  -13.96
  -15.67
  -17.38
  -19.11
  -20.83
  -22.56
  -24.30
  -26.04
  -27.77
  -29.28
  -30.70
   84.79
   83.23
   81.45
   79.57
   77.64
   75.69
   73.73
   71.77
   69.80
   67.84
   65.88
   63.92
   61.96
   60.01
   58.05
   56.09
   54.13
   52.16
   50.19
   48.21
   46.22
   44.22
   42.21
   40.19
   38.15
   36.11
   34.04
   31.97
   29.88
   27.77
   25.48
   23.19
   21.49
   19.79
   18.09
   16.39
   14.69
   13.00
   11.31
    9.62
    7.93
    6.25
    4.57
    2.89
    1.22
   -0.46
   -2.14
   -3.82
   -5.50
   -7.18
   -8.87
  -10.56
  -12.26
  -13.96
  -15.67
  -17.38
  -19.11
  -20.83
  -22.56
  -24.30
  -26.04
  -27.77
  -29.28
  -30.70
   84.79
   83.23
   81.45
   79.57
   77.64
   75.69
   73.73
   71.77
   69.80
   67.84
   65.88
   63.92
   61.96
   60.01
   58.05
   56.09
   54.13
   52.16
   50.19
   48.21
   46.22
   44.22
   42.21
   40.19
   38.15
   36.11
   34.04
   31.97
   29.88
   27.77
   25.48
   23.19
   21.49
   19.79
   18.09
   16.39
   14.69
   13.00
   11.31
    9.62
    7.93
    6.25
    4.57
    2.89
    1.22
   -0.46
   -2.14
   -3.82
   -5.50
   -7.18
   -8.87
  -10.56
  -12.26
  -13.96
  -15.67
  -17.38
  -19.11
  -20.83
  -22.56
  -24.30
  -26.04
  -27.77
  -29.28
  -30.70
   84.79
   83.23
   81.45
   79.57
   77.64
   75.69
   73.73
   71.77
   69.80
   67.84
   65.88
   63.92
   61.96
   60.01
   58.05
   56.09
   54.13
   52.16
   50.19
   48.21
   46.22
   44.22
   42.21
   40.19
   38.15
   36.11
   34.04
   31.97
   29.88
   27.77
   25.48
   23.19
   21.49
   19.79
   18.09
   16.39
   14.69
   13.00
   11.31
    9.62
    7.93
    6.25
    4.57
    2.89
    1.22
   -0.46
   -2.14
   -3.82
   -5.50
   -7.18
   -8.87
  -10.56
  -12.26
  -13.96
  -15.67
  -17.38
  -19.11
  -20.83
  -22.56
  -24.30
  -26.04
  -27.77
  -29.28
  -30.70
   84.79
   83.23
   81.45
   79.57
   77.64
   75.69
   73.73
   71.77
   69.80
   67.84
   65.88
   63.92
   61.96
   60.01
   58.05
   56.09
   54.13
   52.16
   50.19
   48.21
   46.22
   44.22
   42.21
   40.19
   38.15
   36.11
   34.04
   31.97
   29.88
   27.77
   25.48
   23.19
   21.49
   19.79
   18.09
   16.39
   14.69
   13.00
   11.31
    9.62
    7.93
    6.25
    4.57
    2.89
    1.22
   -0.46
   -2.14
   -3.82
   -5.50
   -7.18
   -8.87
  -10.56
  -12.26
  -13.96
  -15.67
  -17.38
  -19.11
  -20.83
  -22.56
  -24.30
  -26.04
  -27.77
  -29.28
  -30.70
   86.62
   84.79
   82.84
   80.85
   78.85
   76.86
   74.87
   72.88
   70.91
   68.95
   66.99
   65.03
   63.09
   61.14
   59.20
   57.25
   55.31
   53.36
   51.41
   49.45
   47.48
   45.51
   43.53
   41.53
   39.53
   37.51
   35.47
   33.42
   31.36
   29.28
   27.19
   24.88
   23.19
   21.49
   19.80
   18.11
   16.42
   14.74
   13.06
   11.38
    9.71
    8.05
    6.39
    4.73
    3.07
    1.41
   -0.25
   -1.90
   -3.56
   -5.22
   -6.88
   -8.55
  -10.22
  -11.89
  -13.57
  -15.25
  -16.95
  -18.64
  -20.35
  -22.05
  -23.76
  -25.48
  -27.19
  -28.64
   86.62
   84.79
   82.84
   80.85
   78.85
   76.86
   74.87
   72.88
   70.91
   68.95
   66.99
   65.03
   63.09
   61.14
   59.20
   57.25
   55.31
   53.36
   51.41
   49.45
   47.48
   45.51
   43.53
   41.53
   39.53
   37.51
   35.47
   33.42
   31.36
   29.28
   27.19
   24.88
   23.19
   21.49
   19.80
   18.11
   16.42
   14.74
   13.06
   11.38
    9.71
    8.05
    6.39
    4.73
    3.07
    1.41
   -0.25
   -1.90
   -3.56
   -5.22
   -6.88
   -8.55
  -10.22
  -11.89
  -13.57
  -15.25
  -16.95
  -18.64
  -20.35
  -22.05
  -23.76
  -25.48
  -27.19
  -28.64
   86.62
   84.79
   82.84
   80.85
   78.85
   76.86
   74.87
   72.88
   70.91
   68.95
   66.99
   65.03
   63.09
   61.14
   59.20
   57.25
   55.31
   53.36
   51.41
   49.45
   47.48
   45.51
   43.53
   41.53
   39.53
   37.51
   35.47
   33.42
   31.36
   29.28
   27.19
   24.88
   23.19
   21.49
   19.80
   18.11
   16.42
   14.74
   13.06
   11.38
    9.71
    8.05
    6.39
    4.73
    3.07
    1.41
   -0.25
   -1.90
   -3.56
   -5.22
   -6.88
   -8.55
  -10.22
  -11.89
  -13.57
  -15.25
  -16.95
  -18.64
  -20.35
  -22.05
  -23.76
  -25.48
  -27.19
  -28.64
   86.62
   84.79
   82.84
   80.85
   78.85
   76.86
   74.87
   72.88
   70.91
   68.95
   66.99
   65.03
   63.09
   61.14
   59.20
   57.25
   55.31
   53.36
   51.41
   49.45
   47.48
   45.51
   43.53
   41.53
   39.53
   37.51
   35.47
   33.42
   31.36
   29.28
   27.19
   24.88
   23.19
   21.49
   19.80
   18.11
   16.42
   14.74
   13.06
   11.38
    9.71
    8.05
    6.39
    4.73
    3.07
    1.41
   -0.25
   -1.90
   -3.56
   -5.22
   -6.88
   -8.55
  -10.22
  -11.89
  -13.57
  -15.25
  -16.95
  -18.64
  -20.35
  -22.05
  -23.76
  -25.48
  -27.19
  -28.64
   86.62
   84.79
   82.84
   80.85
   78.85
   76.86
   74.87
   72.88
   70.91
   68.95
   66.99
   65.03
   63.09
   61.14
   59.20
   57.25
   55.31
   53.36
   51.41
   49.45
   47.48
   45.51
   43.53
   41.53
   39.53
   37.51
   35.47
   33.42
   31.36
   29.28
   27.19
   24.88
   23.19
   21.49
   19.80
   18.11
   16.42
   14.74
   13.06
   11.38
    9.71
    8.05
    6.39
    4.73
    3.07
    1.41
   -0.25
   -1.90
   -3.56
   -5.22
   -6.88
   -8.55
  -10.22
  -11.89
  -13.57
  -15.25
  -16.95
  -18.64
  -20.35
  -22.05
  -23.76
  -25.48
  -27.19
  -28.64
   87.92
   85.86
   83.81
   81.78
   79.76
   77.75
   75.76
   73.78
   71.82
   69.87
   67.92
   65.99
   64.05
   62.13
   60.20
   58.28
   56.36
   54.44
   52.51
   50.58
   48.64
   46.70
   44.74
   42.78
   40.80
   38.81
   36.81
   34.79
   32.75
   30.70
   28.64
   26.57
   24.88
   23.19
   21.51
   19.82
   18.14
   16.47
   14.80
   13.14
   11.49
    9.84
    8.19
    6.55
    4.91
    3.27
    1.63
   -0.00
   -1.63
   -3.27
   -4.91
   -6.55
   -8.19
   -9.84
  -11.49
  -13.14
  -14.80
  -16.47
  -18.14
  -19.82
  -21.51
  -23.19
  -24.88
  -26.57
   87.92
   85.86
   83.81
   81.78
   79.76
   77.75
   75.76
   73.78
   71.82
   69.87
   67.92
   65.99
   64.05
   62.13
   60.20
   58.28
   56.36
   54.44
   52.51
   50.58
   48.64
   46.70
   44.74
   42.78
   40.80
   38.81
   36.81
   34.79
   32.75
   30.70
   28.64
   26.57
   24.88
   23.19
   21.51
   19.82
   18.14
   16.47
   14.80
   13.14
   11.49
    9.84
    8.19
    6.55
    4.91
    3.27
    1.63
   -0.00
   -1.63
   -3.27
   -4.91
   -6.55
   -8.19
   -9.84
  -11.49
  -13.14
  -14.80
  -16.47
  -18.14
  -19.82
  -21.51
  -23.19
  -24.88
  -26.57
   87.92
   85.86
   83.81
   81.78
   79.76
   77.75
   75.76
   73.78
   71.82
   69.87
   67.92
   65.99
   64.05
   62.13
   60.20
   58.28
   56.36
   54.44
   52.51
   50.58
   48.64
   46.70
   44.74
   42.78
   40.80
   38.81
   36.81
   34.79
   32.75
   30.70
   28.64
   26.57
   24.88
   23.19
   21.51
   19.82
   18.14
   16.47
   14.80
   13.14
   11.49
    9.84
    8.19
    6.55
    4.91
    3.27
    1.63
   -0.00
   -1.63
   -3.27
   -4.91
   -6.55
   -8.19
   -9.84
  -11.49
  -13.14
  -14.80
  -16.47
  -18.14
  -19.82
  -21.51
  -23.19
  -24.88
  -26.57
   87.92
   85.86
   83.81
   81.78
   79.76
   77.75
   75.76
   73.78
   71.82
   69.87
   67.92
   65.99
   64.05
   62.13
   60.20
   58.28
   56.36
   54.44
   52.51
   50.58
   48.64
   46.70
   44.74
   42.78
   40.80
   38.81
   36.81
   34.79
   32.75
   30.70
   28.64
   26.57
   24.88
   23.19
   21.51
   19.82
   18.14
   16.47
   14.80
   13.14
   11.49
    9.84
    8.19
    6.55
    4.91
    3.27
    1.63
   -0.00
   -1.63
   -3.27
   -4.91
   -6.55
   -8.19
   -9.84
  -11.49
  -13.14
  -14.80
  -16.47
  -18.14
  -19.82
  -21.51
  -23.19
  -24.88
  -26.57
   87.92
   85.86
   83.81
   81.78
   79.76
   77.75
   75.76
   73.78
   71.82
   69.87
   67.92
   65.99
   64.05
   62.13
   60.20
   58.28
   56.36
   54.44
   52.51
   50.58
   48.64
   46.70
   44.74
   42.78
   40.80
   38.81
   36.81
   34.79
   32.75
   30.70
   28.64
   26.57
   24.88
   23.19
   21.51
   19.82
   18.14
   16.47
   14.80
   13.14
   11.49
    9.84
    8.19
    6.55
    4.91
    3.27
    1.63
   -0.00
   -1.63
   -3.27
   -4.91
   -6.55
   -8.19
   -9.84
  -11.49
  -13.14
  -14.80
  -16.47
  -18.14
  -19.82
  -21.51
  -23.19
  -24.88
  -26.57
