  180.00
  144.00
  326.22
  327.56
  328.85
  330.11
  331.32
  332.51
  333.66
  334.79
  335.90
  336.98
  338.05
  339.10
  340.14
  341.17
  342.20
  343.23
  344.25
  345.28
  346.31
  347.34
  348.39
  349.45
  350.52
  351.61
  352.72
  353.85
  355.02
  356.21
  357.43
  358.70
  360.00
    1.34
    2.22
    2.27
    2.33
    2.40
    2.47
    2.54
    2.62
    2.71
    2.80
    2.90
    3.01
    3.14
    3.27
    3.42
    3.59
    3.78
    3.99
    4.24
    4.51
    4.84
    5.22
    5.68
    6.23
    6.91
    7.78
    8.92
   10.47
   12.73
   16.26
   22.52
   36.00
   72.00
   38.22
   39.56
   40.85
   42.11
   43.32
   44.51
   45.66
   46.79
   47.90
   48.98
   50.05
   51.10
   52.14
   53.17
   54.20
   55.23
   56.25
   57.28
   58.31
   59.34
   60.39
   61.45
   62.52
   63.61
   64.72
   65.85
   67.02
   68.21
   69.43
   70.70
   72.00
   73.34
   74.22
   74.27
   74.33
   74.40
   74.47
   74.54
   74.62
   74.71
   74.80
   74.90
   75.01
   75.14
   75.27
   75.42
   75.59
   75.78
   75.99
   76.24
   76.51
   76.84
   77.22
   77.68
   78.23
   78.91
   79.78
   80.92
   82.47
   84.73
   88.26
   94.52
  108.00
  144.00
  110.22
  111.56
  112.85
  114.11
  115.32
  116.51
  117.66
  118.79
  119.90
  120.98
  122.05
  123.10
  124.14
  125.17
  126.20
  127.23
  128.25
  129.28
  130.31
  131.34
  132.39
  133.45
  134.52
  135.61
  136.72
  137.85
  139.02
  140.21
  141.43
  142.70
  144.00
  145.34
  146.22
  146.27
  146.33
  146.40
  146.47
  146.54
  146.62
  146.71
  146.80
  146.90
  147.01
  147.14
  147.27
  147.42
  147.59
  147.78
  147.99
  148.24
  148.51
  148.84
  149.22
  149.68
  150.23
  150.91
  151.78
  152.92
  154.47
  156.73
  160.26
  166.52
  180.00
  216.00
  182.22
  183.56
  184.85
  186.11
  187.32
  188.51
  189.66
  190.79
  191.90
  192.98
  194.05
  195.10
  196.14
  197.17
  198.20
  199.23
  200.25
  201.28
  202.31
  203.34
  204.39
  205.45
  206.52
  207.61
  208.72
  209.85
  211.02
  212.21
  213.43
  214.70
  216.00
  217.34
  218.22
  218.27
  218.33
  218.40
  218.47
  218.54
  218.62
  218.71
  218.80
  218.90
  219.01
  219.14
  219.27
  219.42
  219.59
  219.78
  219.99
  220.24
  220.51
  220.84
  221.22
  221.68
  222.23
  222.91
  223.78
  224.92
  226.47
  228.73
  232.26
  238.52
  252.00
  288.00
  254.22
  255.56
  256.85
  258.11
  259.32
  260.51
  261.66
  262.79
  263.90
  264.98
  266.05
  267.10
  268.14
  269.17
  270.20
  271.23
  272.25
  273.28
  274.31
  275.34
  276.39
  277.45
  278.52
  279.61
  280.72
  281.85
  283.02
  284.21
  285.43
  286.70
  288.00
  289.34
  290.22
  290.27
  290.33
  290.40
  290.47
  290.54
  290.62
  290.71
  290.80
  290.90
  291.01
  291.14
  291.27
  291.42
  291.59
  291.78
  291.99
  292.24
  292.51
  292.84
  293.22
  293.68
  294.23
  294.91
  295.78
  296.92
  298.47
  300.73
  304.26
  310.52
  324.00
    0.00
  326.27
  328.45
  329.78
  331.07
  332.32
  333.53
  334.71
  335.86
  336.99
  338.09
  339.18
  340.25
  341.30
  342.35
  343.39
  344.43
  345.47
  346.50
  347.54
  348.59
  349.64
  350.71
  351.79
  352.89
  354.00
  355.14
  356.31
  357.51
  358.74
  360.00
    1.30
    2.65
    3.56
    4.45
    4.56
    4.69
    4.82
    4.96
    5.11
    5.28
    5.46
    5.65
    5.87
    6.10
    6.36
    6.64
    6.96
    7.31
    7.71
    8.17
    8.69
    9.29
    9.99
   10.82
   11.82
   13.04
   14.56
   16.51
   19.10
   22.68
   27.90
   36.00
   49.48
   72.00
   38.27
   40.45
   41.78
   43.07
   44.32
   45.53
   46.71
   47.86
   48.99
   50.09
   51.18
   52.25
   53.30
   54.35
   55.39
   56.43
   57.47
   58.50
   59.54
   60.59
   61.64
   62.71
   63.79
   64.89
   66.00
   67.14
   68.31
   69.51
   70.74
   72.00
   73.30
   74.65
   75.56
   76.45
   76.56
   76.69
   76.82
   76.96
   77.11
   77.28
   77.46
   77.65
   77.87
   78.10
   78.36
   78.64
   78.96
   79.31
   79.71
   80.17
   80.69
   81.29
   81.99
   82.82
   83.82
   85.04
   86.56
   88.51
   91.10
   94.68
   99.90
  108.00
  121.48
  144.00
  110.27
  112.45
  113.78
  115.07
  116.32
  117.53
  118.71
  119.86
  120.99
  122.09
  123.18
  124.25
  125.30
  126.35
  127.39
  128.43
  129.47
  130.50
  131.54
  132.59
  133.64
  134.71
  135.79
  136.89
  138.00
  139.14
  140.31
  141.51
  142.74
  144.00
  145.30
  146.65
  147.56
  148.45
  148.56
  148.69
  148.82
  148.96
  149.11
  149.28
  149.46
  149.65
  149.87
  150.10
  150.36
  150.64
  150.96
  151.31
  151.71
  152.17
  152.69
  153.29
  153.99
  154.82
  155.82
  157.04
  158.56
  160.51
  163.10
  166.68
  171.90
  180.00
  193.48
  216.00
  182.27
  184.45
  185.78
  187.07
  188.32
  189.53
  190.71
  191.86
  192.99
  194.09
  195.18
  196.25
  197.30
  198.35
  199.39
  200.43
  201.47
  202.50
  203.54
  204.59
  205.64
  206.71
  207.79
  208.89
  210.00
  211.14
  212.31
  213.51
  214.74
  216.00
  217.30
  218.65
  219.56
  220.45
  220.56
  220.69
  220.82
  220.96
  221.11
  221.28
  221.46
  221.65
  221.87
  222.10
  222.36
  222.64
  222.96
  223.31
  223.71
  224.17
  224.69
  225.29
  225.99
  226.82
  227.82
  229.04
  230.56
  232.51
  235.10
  238.68
  243.90
  252.00
  265.48
  288.00
  254.27
  256.45
  257.78
  259.07
  260.32
  261.53
  262.71
  263.86
  264.99
  266.09
  267.18
  268.25
  269.30
  270.35
  271.39
  272.43
  273.47
  274.50
  275.54
  276.59
  277.64
  278.71
  279.79
  280.89
  282.00
  283.14
  284.31
  285.51
  286.74
  288.00
  289.30
  290.65
  291.56
  292.45
  292.56
  292.69
  292.82
  292.96
  293.11
  293.28
  293.46
  293.65
  293.87
  294.10
  294.36
  294.64
  294.96
  295.31
  295.71
  296.17
  296.69
  297.29
  297.99
  298.82
  299.82
  301.04
  302.56
  304.51
  307.10
  310.68
  315.90
  324.00
  337.48
    0.00
  326.33
  328.56
  330.69
  332.01
  333.29
  334.53
  335.74
  336.91
  338.06
  339.18
  340.29
  341.38
  342.45
  343.51
  344.56
  345.61
  346.66
  347.71
  348.75
  349.81
  350.87
  351.95
  353.03
  354.14
  355.26
  356.40
  357.57
  358.77
  360.00
    1.26
    2.57
    3.91
    4.85
    5.78
    6.69
    6.86
    7.05
    7.25
    7.47
    7.71
    7.97
    8.25
    8.55
    8.88
    9.25
    9.65
   10.10
   10.60
   11.16
   11.79
   12.51
   13.34
   14.30
   15.43
   16.77
   18.38
   20.36
   22.84
   26.03
   30.25
   36.00
   44.10
   55.74
   72.00
   38.33
   40.56
   42.69
   44.01
   45.29
   46.53
   47.74
   48.91
   50.06
   51.18
   52.29
   53.38
   54.45
   55.51
   56.56
   57.61
   58.66
   59.71
   60.75
   61.81
   62.87
   63.95
   65.03
   66.14
   67.26
   68.40
   69.57
   70.77
   72.00
   73.26
   74.57
   75.91
   76.85
   77.78
   78.69
   78.86
   79.05
   79.25
   79.47
   79.71
   79.97
   80.25
   80.55
   80.88
   81.25
   81.65
   82.10
   82.60
   83.16
   83.79
   84.51
   85.34
   86.30
   87.43
   88.77
   90.38
   92.36
   94.84
   98.03
  102.25
  108.00
  116.10
  127.74
  144.00
  110.33
  112.56
  114.69
  116.01
  117.29
  118.53
  119.74
  120.91
  122.06
  123.18
  124.29
  125.38
  126.45
  127.51
  128.56
  129.61
  130.66
  131.71
  132.75
  133.81
  134.87
  135.95
  137.03
  138.14
  139.26
  140.40
  141.57
  142.77
  144.00
  145.26
  146.57
  147.91
  148.85
  149.78
  150.69
  150.86
  151.05
  151.25
  151.47
  151.71
  151.97
  152.25
  152.55
  152.88
  153.25
  153.65
  154.10
  154.60
  155.16
  155.79
  156.51
  157.34
  158.30
  159.43
  160.77
  162.38
  164.36
  166.84
  170.03
  174.25
  180.00
  188.10
  199.74
  216.00
  182.33
  184.56
  186.69
  188.01
  189.29
  190.53
  191.74
  192.91
  194.06
  195.18
  196.29
  197.38
  198.45
  199.51
  200.56
  201.61
  202.66
  203.71
  204.75
  205.81
  206.87
  207.95
  209.03
  210.14
  211.26
  212.40
  213.57
  214.77
  216.00
  217.26
  218.57
  219.91
  220.85
  221.78
  222.69
  222.86
  223.05
  223.25
  223.47
  223.71
  223.97
  224.25
  224.55
  224.88
  225.25
  225.65
  226.10
  226.60
  227.16
  227.79
  228.51
  229.34
  230.30
  231.43
  232.77
  234.38
  236.36
  238.84
  242.03
  246.25
  252.00
  260.10
  271.74
  288.00
  254.33
  256.56
  258.69
  260.01
  261.29
  262.53
  263.74
  264.91
  266.06
  267.18
  268.29
  269.38
  270.45
  271.51
  272.56
  273.61
  274.66
  275.71
  276.75
  277.81
  278.87
  279.95
  281.03
  282.14
  283.26
  284.40
  285.57
  286.77
  288.00
  289.26
  290.57
  291.91
  292.85
  293.78
  294.69
  294.86
  295.05
  295.25
  295.47
  295.71
  295.97
  296.25
  296.55
  296.88
  297.25
  297.65
  298.10
  298.60
  299.16
  299.79
  300.51
  301.34
  302.30
  303.43
  304.77
  306.38
  308.36
  310.84
  314.03
  318.25
  324.00
  332.10
  343.74
    0.00
  326.40
  328.69
  330.86
  332.93
  334.24
  335.51
  336.74
  337.94
  339.11
  340.26
  341.38
  342.49
  343.57
  344.65
  345.71
  346.77
  347.83
  348.89
  349.94
  351.01
  352.08
  353.16
  354.25
  355.36
  356.48
  357.63
  358.80
  360.00
    1.23
    2.49
    3.79
    5.13
    6.11
    7.07
    8.01
    8.93
    9.17
    9.43
    9.71
   10.01
   10.33
   10.69
   11.07
   11.49
   11.95
   12.46
   13.01
   13.64
   14.33
   15.11
   16.00
   17.01
   18.17
   19.52
   21.11
   23.00
   25.28
   28.07
   31.56
   36.00
   41.75
   49.32
   59.27
   72.00
   38.40
   40.69
   42.86
   44.93
   46.24
   47.51
   48.74
   49.94
   51.11
   52.26
   53.38
   54.49
   55.57
   56.65
   57.71
   58.77
   59.83
   60.89
   61.94
   63.01
   64.08
   65.16
   66.25
   67.36
   68.48
   69.63
   70.80
   72.00
   73.23
   74.49
   75.79
   77.13
   78.11
   79.07
   80.01
   80.93
   81.17
   81.43
   81.71
   82.01
   82.33
   82.69
   83.07
   83.49
   83.95
   84.46
   85.01
   85.64
   86.33
   87.11
   88.00
   89.01
   90.17
   91.52
   93.11
   95.00
   97.28
  100.07
  103.56
  108.00
  113.75
  121.32
  131.27
  144.00
  110.40
  112.69
  114.86
  116.93
  118.24
  119.51
  120.74
  121.94
  123.11
  124.26
  125.38
  126.49
  127.57
  128.65
  129.71
  130.77
  131.83
  132.89
  133.94
  135.01
  136.08
  137.16
  138.25
  139.36
  140.48
  141.63
  142.80
  144.00
  145.23
  146.49
  147.79
  149.13
  150.11
  151.07
  152.01
  152.93
  153.17
  153.43
  153.71
  154.01
  154.33
  154.69
  155.07
  155.49
  155.95
  156.46
  157.01
  157.64
  158.33
  159.11
  160.00
  161.01
  162.17
  163.52
  165.11
  167.00
  169.28
  172.07
  175.56
  180.00
  185.75
  193.32
  203.27
  216.00
  182.40
  184.69
  186.86
  188.93
  190.24
  191.51
  192.74
  193.94
  195.11
  196.26
  197.38
  198.49
  199.57
  200.65
  201.71
  202.77
  203.83
  204.89
  205.94
  207.01
  208.08
  209.16
  210.25
  211.36
  212.48
  213.63
  214.80
  216.00
  217.23
  218.49
  219.79
  221.13
  222.11
  223.07
  224.01
  224.93
  225.17
  225.43
  225.71
  226.01
  226.33
  226.69
  227.07
  227.49
  227.95
  228.46
  229.01
  229.64
  230.33
  231.11
  232.00
  233.01
  234.17
  235.52
  237.11
  239.00
  241.28
  244.07
  247.56
  252.00
  257.75
  265.32
  275.27
  288.00
  254.40
  256.69
  258.86
  260.93
  262.24
  263.51
  264.74
  265.94
  267.11
  268.26
  269.38
  270.49
  271.57
  272.65
  273.71
  274.77
  275.83
  276.89
  277.94
  279.01
  280.08
  281.16
  282.25
  283.36
  284.48
  285.63
  286.80
  288.00
  289.23
  290.49
  291.79
  293.13
  294.11
  295.07
  296.01
  296.93
  297.17
  297.43
  297.71
  298.01
  298.33
  298.69
  299.07
  299.49
  299.95
  300.46
  301.01
  301.64
  302.33
  303.11
  304.00
  305.01
  306.17
  307.52
  309.11
  311.00
  313.28
  316.07
  319.56
  324.00
  329.75
  337.32
  347.27
    0.00
  326.47
  328.82
  331.05
  333.17
  335.18
  336.48
  337.74
  338.96
  340.15
  341.32
  342.46
  343.58
  344.68
  345.77
  346.85
  347.92
  348.98
  350.05
  351.11
  352.18
  353.26
  354.34
  355.44
  356.55
  357.68
  358.83
  360.00
    1.20
    2.43
    3.69
    4.98
    6.31
    7.32
    8.32
    9.29
   10.24
   11.18
   11.49
   11.82
   12.18
   12.56
   12.98
   13.43
   13.93
   14.47
   15.06
   15.71
   16.44
   17.24
   18.15
   19.16
   20.32
   21.63
   23.15
   24.91
   26.99
   29.44
   32.40
   36.00
   40.44
   45.97
   52.90
   61.53
   72.00
   38.47
   40.82
   43.05
   45.17
   47.18
   48.48
   49.74
   50.96
   52.15
   53.32
   54.46
   55.58
   56.68
   57.77
   58.85
   59.92
   60.98
   62.05
   63.11
   64.18
   65.26
   66.34
   67.44
   68.55
   69.68
   70.83
   72.00
   73.20
   74.43
   75.69
   76.98
   78.31
   79.32
   80.32
   81.29
   82.24
   83.18
   83.49
   83.82
   84.18
   84.56
   84.98
   85.43
   85.93
   86.47
   87.06
   87.71
   88.44
   89.24
   90.15
   91.16
   92.32
   93.63
   95.15
   96.91
   98.99
  101.44
  104.40
  108.00
  112.44
  117.97
  124.90
  133.53
  144.00
  110.47
  112.82
  115.05
  117.17
  119.18
  120.48
  121.74
  122.96
  124.15
  125.32
  126.46
  127.58
  128.68
  129.77
  130.85
  131.92
  132.98
  134.05
  135.11
  136.18
  137.26
  138.34
  139.44
  140.55
  141.68
  142.83
  144.00
  145.20
  146.43
  147.69
  148.98
  150.31
  151.32
  152.32
  153.29
  154.24
  155.18
  155.49
  155.82
  156.18
  156.56
  156.98
  157.43
  157.93
  158.47
  159.06
  159.71
  160.44
  161.24
  162.15
  163.16
  164.32
  165.63
  167.15
  168.91
  170.99
  173.44
  176.40
  180.00
  184.44
  189.97
  196.90
  205.53
  216.00
  182.47
  184.82
  187.05
  189.17
  191.18
  192.48
  193.74
  194.96
  196.15
  197.32
  198.46
  199.58
  200.68
  201.77
  202.85
  203.92
  204.98
  206.05
  207.11
  208.18
  209.26
  210.34
  211.44
  212.55
  213.68
  214.83
  216.00
  217.20
  218.43
  219.69
  220.98
  222.31
  223.32
  224.32
  225.29
  226.24
  227.18
  227.49
  227.82
  228.18
  228.56
  228.98
  229.43
  229.93
  230.47
  231.06
  231.71
  232.44
  233.24
  234.15
  235.16
  236.32
  237.63
  239.15
  240.91
  242.99
  245.44
  248.40
  252.00
  256.44
  261.97
  268.90
  277.53
  288.00
  254.47
  256.82
  259.05
  261.17
  263.18
  264.48
  265.74
  266.96
  268.15
  269.32
  270.46
  271.58
  272.68
  273.77
  274.85
  275.92
  276.98
  278.05
  279.11
  280.18
  281.26
  282.34
  283.44
  284.55
  285.68
  286.83
  288.00
  289.20
  290.43
  291.69
  292.98
  294.31
  295.32
  296.32
  297.29
  298.24
  299.18
  299.49
  299.82
  300.18
  300.56
  300.98
  301.43
  301.93
  302.47
  303.06
  303.71
  304.44
  305.24
  306.15
  307.16
  308.32
  309.63
  311.15
  312.91
  314.99
  317.44
  320.40
  324.00
  328.44
  333.97
  340.90
  349.53
    0.00
  326.54
  328.96
  331.25
  333.43
  335.49
  337.43
  338.72
  339.96
  341.18
  342.36
  343.52
  344.65
  345.77
  346.87
  347.96
  349.04
  350.12
  351.19
  352.26
  353.33
  354.42
  355.50
  356.61
  357.72
  358.85
  360.00
    1.17
    2.37
    3.60
    4.86
    6.15
    7.47
    8.51
    9.53
   10.53
   11.51
   12.48
   13.43
   13.81
   14.22
   14.65
   15.13
   15.64
   16.20
   16.81
   17.48
   18.21
   19.02
   19.92
   20.92
   22.04
   23.30
   24.73
   26.36
   28.24
   30.43
   32.98
   36.00
   39.60
   43.93
   49.16
   55.49
   63.08
   72.00
   38.54
   40.96
   43.25
   45.43
   47.49
   49.43
   50.72
   51.96
   53.18
   54.36
   55.52
   56.65
   57.77
   58.87
   59.96
   61.04
   62.12
   63.19
   64.26
   65.33
   66.42
   67.50
   68.61
   69.72
   70.85
   72.00
   73.17
   74.37
   75.60
   76.86
   78.15
   79.47
   80.51
   81.53
   82.53
   83.51
   84.48
   85.43
   85.81
   86.22
   86.65
   87.13
   87.64
   88.20
   88.81
   89.48
   90.21
   91.02
   91.92
   92.92
   94.04
   95.30
   96.73
   98.36
  100.24
  102.43
  104.98
  108.00
  111.60
  115.93
  121.16
  127.49
  135.08
  144.00
  110.54
  112.96
  115.25
  117.43
  119.49
  121.43
  122.72
  123.96
  125.18
  126.36
  127.52
  128.65
  129.77
  130.87
  131.96
  133.04
  134.12
  135.19
  136.26
  137.33
  138.42
  139.50
  140.61
  141.72
  142.85
  144.00
  145.17
  146.37
  147.60
  148.86
  150.15
  151.47
  152.51
  153.53
  154.53
  155.51
  156.48
  157.43
  157.81
  158.22
  158.65
  159.13
  159.64
  160.20
  160.81
  161.48
  162.21
  163.02
  163.92
  164.92
  166.04
  167.30
  168.73
  170.36
  172.24
  174.43
  176.98
  180.00
  183.60
  187.93
  193.16
  199.49
  207.08
  216.00
  182.54
  184.96
  187.25
  189.43
  191.49
  193.43
  194.72
  195.96
  197.18
  198.36
  199.52
  200.65
  201.77
  202.87
  203.96
  205.04
  206.12
  207.19
  208.26
  209.33
  210.42
  211.50
  212.61
  213.72
  214.85
  216.00
  217.17
  218.37
  219.60
  220.86
  222.15
  223.47
  224.51
  225.53
  226.53
  227.51
  228.48
  229.43
  229.81
  230.22
  230.65
  231.13
  231.64
  232.20
  232.81
  233.48
  234.21
  235.02
  235.92
  236.92
  238.04
  239.30
  240.73
  242.36
  244.24
  246.43
  248.98
  252.00
  255.60
  259.93
  265.16
  271.49
  279.08
  288.00
  254.54
  256.96
  259.25
  261.43
  263.49
  265.43
  266.72
  267.96
  269.18
  270.36
  271.52
  272.65
  273.77
  274.87
  275.96
  277.04
  278.12
  279.19
  280.26
  281.33
  282.42
  283.50
  284.61
  285.72
  286.85
  288.00
  289.17
  290.37
  291.60
  292.86
  294.15
  295.47
  296.51
  297.53
  298.53
  299.51
  300.48
  301.43
  301.81
  302.22
  302.65
  303.13
  303.64
  304.20
  304.81
  305.48
  306.21
  307.02
  307.92
  308.92
  310.04
  311.30
  312.73
  314.36
  316.24
  318.43
  320.98
  324.00
  327.60
  331.93
  337.16
  343.49
  351.08
    0.00
  326.62
  329.11
  331.47
  333.71
  335.82
  337.81
  339.69
  340.96
  342.19
  343.39
  344.57
  345.72
  346.85
  347.96
  349.07
  350.15
  351.24
  352.32
  353.39
  354.47
  355.56
  356.65
  357.75
  358.87
  360.00
    1.15
    2.32
    3.52
    4.74
    6.00
    7.28
    8.60
    9.66
   10.71
   11.74
   12.74
   13.74
   14.72
   15.69
   16.14
   16.62
   17.14
   17.71
   18.32
   18.99
   19.72
   20.52
   21.40
   22.37
   23.44
   24.64
   25.98
   27.49
   29.21
   31.16
   33.41
   36.00
   39.02
   42.56
   46.72
   51.64
   57.44
   64.22
   72.00
   38.62
   41.11
   43.47
   45.71
   47.82
   49.81
   51.69
   52.96
   54.19
   55.39
   56.57
   57.72
   58.85
   59.96
   61.07
   62.15
   63.24
   64.32
   65.39
   66.47
   67.56
   68.65
   69.75
   70.87
   72.00
   73.15
   74.32
   75.52
   76.74
   78.00
   79.28
   80.60
   81.66
   82.71
   83.74
   84.74
   85.74
   86.72
   87.69
   88.14
   88.62
   89.14
   89.71
   90.32
   90.99
   91.72
   92.52
   93.40
   94.37
   95.44
   96.64
   97.98
   99.49
  101.21
  103.16
  105.41
  108.00
  111.02
  114.56
  118.72
  123.64
  129.44
  136.22
  144.00
  110.62
  113.11
  115.47
  117.71
  119.82
  121.81
  123.69
  124.96
  126.19
  127.39
  128.57
  129.72
  130.85
  131.96
  133.07
  134.15
  135.24
  136.32
  137.39
  138.47
  139.56
  140.65
  141.75
  142.87
  144.00
  145.15
  146.32
  147.52
  148.74
  150.00
  151.28
  152.60
  153.66
  154.71
  155.74
  156.74
  157.74
  158.72
  159.69
  160.14
  160.62
  161.14
  161.71
  162.32
  162.99
  163.72
  164.52
  165.40
  166.37
  167.44
  168.64
  169.98
  171.49
  173.21
  175.16
  177.41
  180.00
  183.02
  186.56
  190.72
  195.64
  201.44
  208.22
  216.00
  182.62
  185.11
  187.47
  189.71
  191.82
  193.81
  195.69
  196.96
  198.19
  199.39
  200.57
  201.72
  202.85
  203.96
  205.07
  206.15
  207.24
  208.32
  209.39
  210.47
  211.56
  212.65
  213.75
  214.87
  216.00
  217.15
  218.32
  219.52
  220.74
  222.00
  223.28
  224.60
  225.66
  226.71
  227.74
  228.74
  229.74
  230.72
  231.69
  232.14
  232.62
  233.14
  233.71
  234.32
  234.99
  235.72
  236.52
  237.40
  238.37
  239.44
  240.64
  241.98
  243.49
  245.21
  247.16
  249.41
  252.00
  255.02
  258.56
  262.72
  267.64
  273.44
  280.22
  288.00
  254.62
  257.11
  259.47
  261.71
  263.82
  265.81
  267.69
  268.96
  270.19
  271.39
  272.57
  273.72
  274.85
  275.96
  277.07
  278.15
  279.24
  280.32
  281.39
  282.47
  283.56
  284.65
  285.75
  286.87
  288.00
  289.15
  290.32
  291.52
  292.74
  294.00
  295.28
  296.60
  297.66
  298.71
  299.74
  300.74
  301.74
  302.72
  303.69
  304.14
  304.62
  305.14
  305.71
  306.32
  306.99
  307.72
  308.52
  309.40
  310.37
  311.44
  312.64
  313.98
  315.49
  317.21
  319.16
  321.41
  324.00
  327.02
  330.56
  334.72
  339.64
  345.44
  352.22
    0.00
  326.71
  329.28
  331.71
  334.01
  336.18
  338.22
  340.14
  341.94
  343.20
  344.42
  345.61
  346.78
  347.92
  349.05
  350.16
  351.26
  352.34
  353.43
  354.51
  355.60
  356.68
  357.78
  358.88
  360.00
    1.13
    2.28
    3.45
    4.64
    5.86
    7.11
    8.39
    9.70
   10.79
   11.86
   12.91
   13.94
   14.96
   15.96
   16.96
   17.94
   18.46
   19.03
   19.64
   20.30
   21.02
   21.80
   22.65
   23.59
   24.61
   25.75
   27.00
   28.40
   29.97
   31.74
   33.73
   36.00
   38.59
   41.57
   45.01
   49.00
   53.62
   58.96
   65.09
   72.00
   38.71
   41.28
   43.71
   46.01
   48.18
   50.22
   52.14
   53.94
   55.20
   56.42
   57.61
   58.78
   59.92
   61.05
   62.16
   63.26
   64.34
   65.43
   66.51
   67.60
   68.68
   69.78
   70.88
   72.00
   73.13
   74.28
   75.45
   76.64
   77.86
   79.11
   80.39
   81.70
   82.79
   83.86
   84.91
   85.94
   86.96
   87.96
   88.96
   89.94
   90.46
   91.03
   91.64
   92.30
   93.02
   93.80
   94.65
   95.59
   96.61
   97.75
   99.00
  100.40
  101.97
  103.74
  105.73
  108.00
  110.59
  113.57
  117.01
  121.00
  125.62
  130.96
  137.09
  144.00
  110.71
  113.28
  115.71
  118.01
  120.18
  122.22
  124.14
  125.94
  127.20
  128.42
  129.61
  130.78
  131.92
  133.05
  134.16
  135.26
  136.34
  137.43
  138.51
  139.60
  140.68
  141.78
  142.88
  144.00
  145.13
  146.28
  147.45
  148.64
  149.86
  151.11
  152.39
  153.70
  154.79
  155.86
  156.91
  157.94
  158.96
  159.96
  160.96
  161.94
  162.46
  163.03
  163.64
  164.30
  165.02
  165.80
  166.65
  167.59
  168.61
  169.75
  171.00
  172.40
  173.97
  175.74
  177.73
  180.00
  182.59
  185.57
  189.01
  193.00
  197.62
  202.96
  209.09
  216.00
  182.71
  185.28
  187.71
  190.01
  192.18
  194.22
  196.14
  197.94
  199.20
  200.42
  201.61
  202.78
  203.92
  205.05
  206.16
  207.26
  208.34
  209.43
  210.51
  211.60
  212.68
  213.78
  214.88
  216.00
  217.13
  218.28
  219.45
  220.64
  221.86
  223.11
  224.39
  225.70
  226.79
  227.86
  228.91
  229.94
  230.96
  231.96
  232.96
  233.94
  234.46
  235.03
  235.64
  236.30
  237.02
  237.80
  238.65
  239.59
  240.61
  241.75
  243.00
  244.40
  245.97
  247.74
  249.73
  252.00
  254.59
  257.57
  261.01
  265.00
  269.62
  274.96
  281.09
  288.00
  254.71
  257.28
  259.71
  262.01
  264.18
  266.22
  268.14
  269.94
  271.20
  272.42
  273.61
  274.78
  275.92
  277.05
  278.16
  279.26
  280.34
  281.43
  282.51
  283.60
  284.68
  285.78
  286.88
  288.00
  289.13
  290.28
  291.45
  292.64
  293.86
  295.11
  296.39
  297.70
  298.79
  299.86
  300.91
  301.94
  302.96
  303.96
  304.96
  305.94
  306.46
  307.03
  307.64
  308.30
  309.02
  309.80
  310.65
  311.59
  312.61
  313.75
  315.00
  316.40
  317.97
  319.74
  321.73
  324.00
  326.59
  329.57
  333.01
  337.00
  341.62
  346.96
  353.09
    0.00
  326.80
  329.46
  331.97
  334.33
  336.56
  338.65
  340.62
  342.46
  344.20
  345.44
  346.64
  347.82
  348.98
  350.12
  351.24
  352.35
  353.44
  354.53
  355.62
  356.71
  357.80
  358.89
  360.00
    1.12
    2.25
    3.39
    4.56
    5.75
    6.97
    8.21
    9.48
   10.79
   11.90
   12.99
   14.06
   15.11
   16.15
   17.18
   18.19
   19.20
   20.20
   20.80
   21.44
   22.14
   22.90
   23.72
   24.62
   25.60
   26.67
   27.85
   29.15
   30.59
   32.20
   33.99
   36.00
   38.27
   40.84
   43.76
   47.09
   50.89
   55.23
   60.18
   65.77
   72.00
   38.80
   41.46
   43.97
   46.33
   48.56
   50.65
   52.62
   54.46
   56.20
   57.44
   58.64
   59.82
   60.98
   62.12
   63.24
   64.35
   65.44
   66.53
   67.62
   68.71
   69.80
   70.89
   72.00
   73.12
   74.25
   75.39
   76.56
   77.75
   78.97
   80.21
   81.48
   82.79
   83.90
   84.99
   86.06
   87.11
   88.15
   89.18
   90.19
   91.20
   92.20
   92.80
   93.44
   94.14
   94.90
   95.72
   96.62
   97.60
   98.67
   99.85
  101.15
  102.59
  104.20
  105.99
  108.00
  110.27
  112.84
  115.76
  119.09
  122.89
  127.23
  132.18
  137.77
  144.00
  110.80
  113.46
  115.97
  118.33
  120.56
  122.65
  124.62
  126.46
  128.20
  129.44
  130.64
  131.82
  132.98
  134.12
  135.24
  136.35
  137.44
  138.53
  139.62
  140.71
  141.80
  142.89
  144.00
  145.12
  146.25
  147.39
  148.56
  149.75
  150.97
  152.21
  153.48
  154.79
  155.90
  156.99
  158.06
  159.11
  160.15
  161.18
  162.19
  163.20
  164.20
  164.80
  165.44
  166.14
  166.90
  167.72
  168.62
  169.60
  170.67
  171.85
  173.15
  174.59
  176.20
  177.99
  180.00
  182.27
  184.84
  187.76
  191.09
  194.89
  199.23
  204.18
  209.77
  216.00
  182.80
  185.46
  187.97
  190.33
  192.56
  194.65
  196.62
  198.46
  200.20
  201.44
  202.64
  203.82
  204.98
  206.12
  207.24
  208.35
  209.44
  210.53
  211.62
  212.71
  213.80
  214.89
  216.00
  217.12
  218.25
  219.39
  220.56
  221.75
  222.97
  224.21
  225.48
  226.79
  227.90
  228.99
  230.06
  231.11
  232.15
  233.18
  234.19
  235.20
  236.20
  236.80
  237.44
  238.14
  238.90
  239.72
  240.62
  241.60
  242.67
  243.85
  245.15
  246.59
  248.20
  249.99
  252.00
  254.27
  256.84
  259.76
  263.09
  266.89
  271.23
  276.18
  281.77
  288.00
  254.80
  257.46
  259.97
  262.33
  264.56
  266.65
  268.62
  270.46
  272.20
  273.44
  274.64
  275.82
  276.98
  278.12
  279.24
  280.35
  281.44
  282.53
  283.62
  284.71
  285.80
  286.89
  288.00
  289.12
  290.25
  291.39
  292.56
  293.75
  294.97
  296.21
  297.48
  298.79
  299.90
  300.99
  302.06
  303.11
  304.15
  305.18
  306.19
  307.20
  308.20
  308.80
  309.44
  310.14
  310.90
  311.72
  312.62
  313.60
  314.67
  315.85
  317.15
  318.59
  320.20
  321.99
  324.00
  326.27
  328.84
  331.76
  335.09
  338.89
  343.23
  348.18
  353.77
    0.00
  326.90
  329.65
  332.25
  334.69
  336.98
  339.13
  341.14
  343.03
  344.80
  346.45
  347.68
  348.87
  350.04
  351.19
  352.31
  353.43
  354.53
  355.63
  356.72
  357.81
  358.90
  360.00
    1.11
    2.22
    3.35
    4.50
    5.66
    6.84
    8.05
    9.29
   10.55
   11.85
   12.98
   14.09
   15.18
   16.26
   17.32
   18.36
   19.39
   20.42
   21.44
   22.45
   23.13
   23.86
   24.65
   25.51
   26.44
   27.45
   28.56
   29.77
   31.10
   32.57
   34.20
   36.00
   38.01
   40.26
   42.79
   45.64
   48.85
   52.48
   56.57
   61.18
   66.32
   72.00
   38.90
   41.65
   44.25
   46.69
   48.98
   51.13
   53.14
   55.03
   56.80
   58.45
   59.68
   60.87
   62.04
   63.19
   64.31
   65.43
   66.53
   67.63
   68.72
   69.81
   70.90
   72.00
   73.11
   74.22
   75.35
   76.50
   77.66
   78.84
   80.05
   81.29
   82.55
   83.85
   84.98
   86.09
   87.18
   88.26
   89.32
   90.36
   91.39
   92.42
   93.44
   94.45
   95.13
   95.86
   96.65
   97.51
   98.44
   99.45
  100.56
  101.77
  103.10
  104.57
  106.20
  108.00
  110.01
  112.26
  114.79
  117.64
  120.85
  124.48
  128.57
  133.18
  138.32
  144.00
  110.90
  113.65
  116.25
  118.69
  120.98
  123.13
  125.14
  127.03
  128.80
  130.45
  131.68
  132.87
  134.04
  135.19
  136.31
  137.43
  138.53
  139.63
  140.72
  141.81
  142.90
  144.00
  145.11
  146.22
  147.35
  148.50
  149.66
  150.84
  152.05
  153.29
  154.55
  155.85
  156.98
  158.09
  159.18
  160.26
  161.32
  162.36
  163.39
  164.42
  165.44
  166.45
  167.13
  167.86
  168.65
  169.51
  170.44
  171.45
  172.56
  173.77
  175.10
  176.57
  178.20
  180.00
  182.01
  184.26
  186.79
  189.64
  192.85
  196.48
  200.57
  205.18
  210.32
  216.00
  182.90
  185.65
  188.25
  190.69
  192.98
  195.13
  197.14
  199.03
  200.80
  202.45
  203.68
  204.87
  206.04
  207.19
  208.31
  209.43
  210.53
  211.63
  212.72
  213.81
  214.90
  216.00
  217.11
  218.22
  219.35
  220.50
  221.66
  222.84
  224.05
  225.29
  226.55
  227.85
  228.98
  230.09
  231.18
  232.26
  233.32
  234.36
  235.39
  236.42
  237.44
  238.45
  239.13
  239.86
  240.65
  241.51
  242.44
  243.45
  244.56
  245.77
  247.10
  248.57
  250.20
  252.00
  254.01
  256.26
  258.79
  261.64
  264.85
  268.48
  272.57
  277.18
  282.32
  288.00
  254.90
  257.65
  260.25
  262.69
  264.98
  267.13
  269.14
  271.03
  272.80
  274.45
  275.68
  276.87
  278.04
  279.19
  280.31
  281.43
  282.53
  283.63
  284.72
  285.81
  286.90
  288.00
  289.11
  290.22
  291.35
  292.50
  293.66
  294.84
  296.05
  297.29
  298.55
  299.85
  300.98
  302.09
  303.18
  304.26
  305.32
  306.36
  307.39
  308.42
  309.44
  310.45
  311.13
  311.86
  312.65
  313.51
  314.44
  315.45
  316.56
  317.77
  319.10
  320.57
  322.20
  324.00
  326.01
  328.26
  330.79
  333.64
  336.85
  340.48
  344.57
  349.18
  354.32
    0.00
  327.01
  329.87
  332.55
  335.07
  337.43
  339.64
  341.71
  343.64
  345.44
  347.13
  348.71
  349.92
  351.10
  352.25
  353.39
  354.51
  355.62
  356.72
  357.81
  358.91
  360.00
    1.10
    2.20
    3.32
    4.44
    5.58
    6.74
    7.92
    9.13
   10.36
   11.61
   12.90
   14.05
   15.18
   16.29
   17.38
   18.46
   19.52
   20.57
   21.61
   22.64
   23.68
   24.71
   25.47
   26.28
   27.17
   28.13
   29.17
   30.30
   31.53
   32.88
   34.37
   36.00
   37.80
   39.80
   42.03
   44.51
   47.27
   50.37
   53.83
   57.70
   62.01
   66.78
   72.00
   39.01
   41.87
   44.55
   47.07
   49.43
   51.64
   53.71
   55.64
   57.44
   59.13
   60.71
   61.92
   63.10
   64.25
   65.39
   66.51
   67.62
   68.72
   69.81
   70.91
   72.00
   73.10
   74.20
   75.32
   76.44
   77.58
   78.74
   79.92
   81.13
   82.36
   83.61
   84.90
   86.05
   87.18
   88.29
   89.38
   90.46
   91.52
   92.57
   93.61
   94.64
   95.68
   96.71
   97.47
   98.28
   99.17
  100.13
  101.17
  102.30
  103.53
  104.88
  106.37
  108.00
  109.80
  111.80
  114.03
  116.51
  119.27
  122.37
  125.83
  129.70
  134.01
  138.78
  144.00
  111.01
  113.87
  116.55
  119.07
  121.43
  123.64
  125.71
  127.64
  129.44
  131.13
  132.71
  133.92
  135.10
  136.25
  137.39
  138.51
  139.62
  140.72
  141.81
  142.91
  144.00
  145.10
  146.20
  147.32
  148.44
  149.58
  150.74
  151.92
  153.13
  154.36
  155.61
  156.90
  158.05
  159.18
  160.29
  161.38
  162.46
  163.52
  164.57
  165.61
  166.64
  167.68
  168.71
  169.47
  170.28
  171.17
  172.13
  173.17
  174.30
  175.53
  176.88
  178.37
  180.00
  181.80
  183.80
  186.03
  188.51
  191.27
  194.37
  197.83
  201.70
  206.01
  210.78
  216.00
  183.01
  185.87
  188.55
  191.07
  193.43
  195.64
  197.71
  199.64
  201.44
  203.13
  204.71
  205.92
  207.10
  208.25
  209.39
  210.51
  211.62
  212.72
  213.81
  214.91
  216.00
  217.10
  218.20
  219.32
  220.44
  221.58
  222.74
  223.92
  225.13
  226.36
  227.61
  228.90
  230.05
  231.18
  232.29
  233.38
  234.46
  235.52
  236.57
  237.61
  238.64
  239.68
  240.71
  241.47
  242.28
  243.17
  244.13
  245.17
  246.30
  247.53
  248.88
  250.37
  252.00
  253.80
  255.80
  258.03
  260.51
  263.27
  266.37
  269.83
  273.70
  278.01
  282.78
  288.00
  255.01
  257.87
  260.55
  263.07
  265.43
  267.64
  269.71
  271.64
  273.44
  275.13
  276.71
  277.92
  279.10
  280.25
  281.39
  282.51
  283.62
  284.72
  285.81
  286.91
  288.00
  289.10
  290.20
  291.32
  292.44
  293.58
  294.74
  295.92
  297.13
  298.36
  299.61
  300.90
  302.05
  303.18
  304.29
  305.38
  306.46
  307.52
  308.57
  309.61
  310.64
  311.68
  312.71
  313.47
  314.28
  315.17
  316.13
  317.17
  318.30
  319.53
  320.88
  322.37
  324.00
  325.80
  327.80
  330.03
  332.51
  335.27
  338.37
  341.83
  345.70
  350.01
  354.78
    0.00
  327.14
  330.10
  332.88
  335.49
  337.93
  340.20
  342.32
  344.30
  346.14
  347.86
  349.47
  350.97
  352.16
  353.32
  354.47
  355.59
  356.71
  357.81
  358.91
  360.00
    1.09
    2.19
    3.29
    4.40
    5.53
    6.67
    7.82
    8.99
   10.19
   11.41
   12.66
   13.93
   15.10
   16.25
   17.38
   18.49
   19.58
   20.65
   21.72
   22.78
   23.82
   24.87
   25.92
   26.97
   27.81
   28.71
   29.69
   30.75
   31.90
   33.15
   34.51
   36.00
   37.63
   39.43
   41.41
   43.60
   46.02
   48.70
   51.68
   54.99
   58.66
   62.71
   67.16
   72.00
   39.14
   42.10
   44.88
   47.49
   49.93
   52.20
   54.32
   56.30
   58.14
   59.86
   61.47
   62.97
   64.16
   65.32
   66.47
   67.59
   68.71
   69.81
   70.91
   72.00
   73.09
   74.19
   75.29
   76.40
   77.53
   78.67
   79.82
   80.99
   82.19
   83.41
   84.66
   85.93
   87.10
   88.25
   89.38
   90.49
   91.58
   92.65
   93.72
   94.78
   95.82
   96.87
   97.92
   98.97
   99.81
  100.71
  101.69
  102.75
  103.90
  105.15
  106.51
  108.00
  109.63
  111.43
  113.41
  115.60
  118.02
  120.70
  123.68
  126.99
  130.66
  134.71
  139.16
  144.00
  111.14
  114.10
  116.88
  119.49
  121.93
  124.20
  126.32
  128.30
  130.14
  131.86
  133.47
  134.97
  136.16
  137.32
  138.47
  139.59
  140.71
  141.81
  142.91
  144.00
  145.09
  146.19
  147.29
  148.40
  149.53
  150.67
  151.82
  152.99
  154.19
  155.41
  156.66
  157.93
  159.10
  160.25
  161.38
  162.49
  163.58
  164.65
  165.72
  166.78
  167.82
  168.87
  169.92
  170.97
  171.81
  172.71
  173.69
  174.75
  175.90
  177.15
  178.51
  180.00
  181.63
  183.43
  185.41
  187.60
  190.02
  192.70
  195.68
  198.99
  202.66
  206.71
  211.16
  216.00
  183.14
  186.10
  188.88
  191.49
  193.93
  196.20
  198.32
  200.30
  202.14
  203.86
  205.47
  206.97
  208.16
  209.32
  210.47
  211.59
  212.71
  213.81
  214.91
  216.00
  217.09
  218.19
  219.29
  220.40
  221.53
  222.67
  223.82
  224.99
  226.19
  227.41
  228.66
  229.93
  231.10
  232.25
  233.38
  234.49
  235.58
  236.65
  237.72
  238.78
  239.82
  240.87
  241.92
  242.97
  243.81
  244.71
  245.69
  246.75
  247.90
  249.15
  250.51
  252.00
  253.63
  255.43
  257.41
  259.60
  262.02
  264.70
  267.68
  270.99
  274.66
  278.71
  283.16
  288.00
  255.14
  258.10
  260.88
  263.49
  265.93
  268.20
  270.32
  272.30
  274.14
  275.86
  277.47
  278.97
  280.16
  281.32
  282.47
  283.59
  284.71
  285.81
  286.91
  288.00
  289.09
  290.19
  291.29
  292.40
  293.53
  294.67
  295.82
  296.99
  298.19
  299.41
  300.66
  301.93
  303.10
  304.25
  305.38
  306.49
  307.58
  308.65
  309.72
  310.78
  311.82
  312.87
  313.92
  314.97
  315.81
  316.71
  317.69
  318.75
  319.90
  321.15
  322.51
  324.00
  325.63
  327.43
  329.41
  331.60
  334.02
  336.70
  339.68
  342.99
  346.66
  350.71
  355.16
    0.00
  327.27
  330.36
  333.25
  335.95
  338.47
  340.81
  342.99
  345.02
  346.90
  348.65
  350.28
  351.81
  353.22
  354.40
  355.55
  356.68
  357.80
  358.90
  360.00
    1.09
    2.19
    3.28
    4.38
    5.49
    6.61
    7.74
    8.89
   10.06
   11.25
   12.46
   13.69
   14.96
   16.14
   17.30
   18.45
   19.57
   20.68
   21.77
   22.85
   23.92
   24.98
   26.04
   27.10
   28.16
   29.22
   30.15
   31.14
   32.21
   33.37
   34.63
   36.00
   37.49
   39.12
   40.90
   42.85
   45.00
   47.36
   49.96
   52.84
   56.00
   59.49
   63.31
   67.49
   72.00
   39.27
   42.36
   45.25
   47.95
   50.47
   52.81
   54.99
   57.02
   58.90
   60.65
   62.28
   63.81
   65.22
   66.40
   67.55
   68.68
   69.80
   70.90
   72.00
   73.09
   74.19
   75.28
   76.38
   77.49
   78.61
   79.74
   80.89
   82.06
   83.25
   84.46
   85.69
   86.96
   88.14
   89.30
   90.45
   91.57
   92.68
   93.77
   94.85
   95.92
   96.98
   98.04
   99.10
  100.16
  101.22
  102.15
  103.14
  104.21
  105.37
  106.63
  108.00
  109.49
  111.12
  112.90
  114.85
  117.00
  119.36
  121.96
  124.84
  128.00
  131.49
  135.31
  139.49
  144.00
  111.27
  114.36
  117.25
  119.95
  122.47
  124.81
  126.99
  129.02
  130.90
  132.65
  134.28
  135.81
  137.22
  138.40
  139.55
  140.68
  141.80
  142.90
  144.00
  145.09
  146.19
  147.28
  148.38
  149.49
  150.61
  151.74
  152.89
  154.06
  155.25
  156.46
  157.69
  158.96
  160.14
  161.30
  162.45
  163.57
  164.68
  165.77
  166.85
  167.92
  168.98
  170.04
  171.10
  172.16
  173.22
  174.15
  175.14
  176.21
  177.37
  178.63
  180.00
  181.49
  183.12
  184.90
  186.85
  189.00
  191.36
  193.96
  196.84
  200.00
  203.49
  207.31
  211.49
  216.00
  183.27
  186.36
  189.25
  191.95
  194.47
  196.81
  198.99
  201.02
  202.90
  204.65
  206.28
  207.81
  209.22
  210.40
  211.55
  212.68
  213.80
  214.90
  216.00
  217.09
  218.19
  219.28
  220.38
  221.49
  222.61
  223.74
  224.89
  226.06
  227.25
  228.46
  229.69
  230.96
  232.14
  233.30
  234.45
  235.57
  236.68
  237.77
  238.85
  239.92
  240.98
  242.04
  243.10
  244.16
  245.22
  246.15
  247.14
  248.21
  249.37
  250.63
  252.00
  253.49
  255.12
  256.90
  258.85
  261.00
  263.36
  265.96
  268.84
  272.00
  275.49
  279.31
  283.49
  288.00
  255.27
  258.36
  261.25
  263.95
  266.47
  268.81
  270.99
  273.02
  274.90
  276.65
  278.28
  279.81
  281.22
  282.40
  283.55
  284.68
  285.80
  286.90
  288.00
  289.09
  290.19
  291.28
  292.38
  293.49
  294.61
  295.74
  296.89
  298.06
  299.25
  300.46
  301.69
  302.96
  304.14
  305.30
  306.45
  307.57
  308.68
  309.77
  310.85
  311.92
  312.98
  314.04
  315.10
  316.16
  317.22
  318.15
  319.14
  320.21
  321.37
  322.63
  324.00
  325.49
  327.12
  328.90
  330.85
  333.00
  335.36
  337.96
  340.84
  344.00
  347.49
  351.31
  355.49
    0.00
  327.42
  330.64
  333.65
  336.46
  339.06
  341.48
  343.72
  345.80
  347.72
  349.51
  351.17
  352.71
  354.15
  355.48
  356.64
  357.77
  358.89
  360.00
    1.10
    2.19
    3.28
    4.37
    5.47
    6.57
    7.68
    8.81
    9.95
   11.11
   12.29
   13.50
   14.72
   15.98
   17.17
   18.35
   19.51
   20.65
   21.77
   22.87
   23.96
   25.05
   26.12
   27.19
   28.25
   29.32
   30.40
   31.48
   32.49
   33.57
   34.74
   36.00
   37.37
   38.85
   40.47
   42.23
   44.15
   46.25
   48.56
   51.08
   53.85
   56.89
   60.21
   63.83
   67.76
   72.00
   39.42
   42.64
   45.65
   48.46
   51.06
   53.48
   55.72
   57.80
   59.72
   61.51
   63.17
   64.71
   66.15
   67.48
   68.64
   69.77
   70.89
   72.00
   73.10
   74.19
   75.28
   76.37
   77.47
   78.57
   79.68
   80.81
   81.95
   83.11
   84.29
   85.50
   86.72
   87.98
   89.17
   90.35
   91.51
   92.65
   93.77
   94.87
   95.96
   97.05
   98.12
   99.19
  100.25
  101.32
  102.40
  103.48
  104.49
  105.57
  106.74
  108.00
  109.37
  110.85
  112.47
  114.23
  116.15
  118.25
  120.56
  123.08
  125.85
  128.89
  132.21
  135.83
  139.76
  144.00
  111.42
  114.64
  117.65
  120.46
  123.06
  125.48
  127.72
  129.80
  131.72
  133.51
  135.17
  136.71
  138.15
  139.48
  140.64
  141.77
  142.89
  144.00
  145.10
  146.19
  147.28
  148.37
  149.47
  150.57
  151.68
  152.81
  153.95
  155.11
  156.29
  157.50
  158.72
  159.98
  161.17
  162.35
  163.51
  164.65
  165.77
  166.87
  167.96
  169.05
  170.12
  171.19
  172.25
  173.32
  174.40
  175.48
  176.49
  177.57
  178.74
  180.00
  181.37
  182.85
  184.47
  186.23
  188.15
  190.25
  192.56
  195.08
  197.85
  200.89
  204.21
  207.83
  211.76
  216.00
  183.42
  186.64
  189.65
  192.46
  195.06
  197.48
  199.72
  201.80
  203.72
  205.51
  207.17
  208.71
  210.15
  211.48
  212.64
  213.77
  214.89
  216.00
  217.10
  218.19
  219.28
  220.37
  221.47
  222.57
  223.68
  224.81
  225.95
  227.11
  228.29
  229.50
  230.72
  231.98
  233.17
  234.35
  235.51
  236.65
  237.77
  238.87
  239.96
  241.05
  242.12
  243.19
  244.25
  245.32
  246.40
  247.48
  248.49
  249.57
  250.74
  252.00
  253.37
  254.85
  256.47
  258.23
  260.15
  262.25
  264.56
  267.08
  269.85
  272.89
  276.21
  279.83
  283.76
  288.00
  255.42
  258.64
  261.65
  264.46
  267.06
  269.48
  271.72
  273.80
  275.72
  277.51
  279.17
  280.71
  282.15
  283.48
  284.64
  285.77
  286.89
  288.00
  289.10
  290.19
  291.28
  292.37
  293.47
  294.57
  295.68
  296.81
  297.95
  299.11
  300.29
  301.50
  302.72
  303.98
  305.17
  306.35
  307.51
  308.65
  309.77
  310.87
  311.96
  313.05
  314.12
  315.19
  316.25
  317.32
  318.40
  319.48
  320.49
  321.57
  322.74
  324.00
  325.37
  326.85
  328.47
  330.23
  332.15
  334.25
  336.56
  339.08
  341.85
  344.89
  348.21
  351.83
  355.76
    0.00
  327.59
  330.96
  334.10
  337.01
  339.71
  342.21
  344.52
  346.65
  348.62
  350.44
  352.13
  353.69
  355.14
  356.49
  357.74
  358.88
  360.00
    1.11
    2.20
    3.29
    4.38
    5.47
    6.56
    7.66
    8.76
    9.88
   11.02
   12.17
   13.34
   14.53
   15.75
   16.99
   18.20
   19.39
   20.56
   21.71
   22.85
   23.96
   25.07
   26.16
   27.24
   28.31
   29.39
   30.47
   31.55
   32.64
   33.74
   34.83
   36.00
   37.26
   38.63
   40.10
   41.70
   43.44
   45.33
   47.39
   49.63
   52.08
   54.76
   57.67
   60.84
   64.29
   68.01
   72.00
   39.59
   42.96
   46.10
   49.01
   51.71
   54.21
   56.52
   58.65
   60.62
   62.44
   64.13
   65.69
   67.14
   68.49
   69.74
   70.88
   72.00
   73.11
   74.20
   75.29
   76.38
   77.47
   78.56
   79.66
   80.76
   81.88
   83.02
   84.17
   85.34
   86.53
   87.75
   88.99
   90.20
   91.39
   92.56
   93.71
   94.85
   95.96
   97.07
   98.16
   99.24
  100.31
  101.39
  102.47
  103.55
  104.64
  105.74
  106.83
  108.00
  109.26
  110.63
  112.10
  113.70
  115.44
  117.33
  119.39
  121.63
  124.08
  126.76
  129.67
  132.84
  136.29
  140.01
  144.00
  111.59
  114.96
  118.10
  121.01
  123.71
  126.21
  128.52
  130.65
  132.62
  134.44
  136.13
  137.69
  139.14
  140.49
  141.74
  142.88
  144.00
  145.11
  146.20
  147.29
  148.38
  149.47
  150.56
  151.66
  152.76
  153.88
  155.02
  156.17
  157.34
  158.53
  159.75
  160.99
  162.20
  163.39
  164.56
  165.71
  166.85
  167.96
  169.07
  170.16
  171.24
  172.31
  173.39
  174.47
  175.55
  176.64
  177.74
  178.83
  180.00
  181.26
  182.63
  184.10
  185.70
  187.44
  189.33
  191.39
  193.63
  196.08
  198.76
  201.67
  204.84
  208.29
  212.01
  216.00
  183.59
  186.96
  190.10
  193.01
  195.71
  198.21
  200.52
  202.65
  204.62
  206.44
  208.13
  209.69
  211.14
  212.49
  213.74
  214.88
  216.00
  217.11
  218.20
  219.29
  220.38
  221.47
  222.56
  223.66
  224.76
  225.88
  227.02
  228.17
  229.34
  230.53
  231.75
  232.99
  234.20
  235.39
  236.56
  237.71
  238.85
  239.96
  241.07
  242.16
  243.24
  244.31
  245.39
  246.47
  247.55
  248.64
  249.74
  250.83
  252.00
  253.26
  254.63
  256.10
  257.70
  259.44
  261.33
  263.39
  265.63
  268.08
  270.76
  273.67
  276.84
  280.29
  284.01
  288.00
  255.59
  258.96
  262.10
  265.01
  267.71
  270.21
  272.52
  274.65
  276.62
  278.44
  280.13
  281.69
  283.14
  284.49
  285.74
  286.88
  288.00
  289.11
  290.20
  291.29
  292.38
  293.47
  294.56
  295.66
  296.76
  297.88
  299.02
  300.17
  301.34
  302.53
  303.75
  304.99
  306.20
  307.39
  308.56
  309.71
  310.85
  311.96
  313.07
  314.16
  315.24
  316.31
  317.39
  318.47
  319.55
  320.64
  321.74
  322.83
  324.00
  325.26
  326.63
  328.10
  329.70
  331.44
  333.33
  335.39
  337.63
  340.08
  342.76
  345.67
  348.84
  352.29
  356.01
    0.00
  327.78
  331.31
  334.60
  337.64
  340.44
  343.02
  345.40
  347.59
  349.60
  351.45
  353.17
  354.75
  356.21
  357.57
  358.83
  360.00
    1.12
    2.23
    3.32
    4.41
    5.49
    6.57
    7.65
    8.74
    9.85
   10.96
   12.08
   13.23
   14.39
   15.57
   16.77
   18.00
   19.23
   20.43
   21.61
   22.77
   23.92
   25.04
   26.15
   27.26
   28.35
   29.43
   30.51
   31.59
   32.68
   33.77
   34.88
   36.00
   37.17
   38.43
   39.79
   41.25
   42.83
   44.55
   46.40
   48.41
   50.60
   52.98
   55.56
   58.36
   61.40
   64.69
   68.22
   72.00
   39.78
   43.31
   46.60
   49.64
   52.44
   55.02
   57.40
   59.59
   61.60
   63.45
   65.17
   66.75
   68.21
   69.57
   70.83
   72.00
   73.12
   74.23
   75.32
   76.41
   77.49
   78.57
   79.65
   80.74
   81.85
   82.96
   84.08
   85.23
   86.39
   87.57
   88.77
   90.00
   91.23
   92.43
   93.61
   94.77
   95.92
   97.04
   98.15
   99.26
  100.35
  101.43
  102.51
  103.59
  104.68
  105.77
  106.88
  108.00
  109.17
  110.43
  111.79
  113.25
  114.83
  116.55
  118.40
  120.41
  122.60
  124.98
  127.56
  130.36
  133.40
  136.69
  140.22
  144.00
  111.78
  115.31
  118.60
  121.64
  124.44
  127.02
  129.40
  131.59
  133.60
  135.45
  137.17
  138.75
  140.21
  141.57
  142.83
  144.00
  145.12
  146.23
  147.32
  148.41
  149.49
  150.57
  151.65
  152.74
  153.85
  154.96
  156.08
  157.23
  158.39
  159.57
  160.77
  162.00
  163.23
  164.43
  165.61
  166.77
  167.92
  169.04
  170.15
  171.26
  172.35
  173.43
  174.51
  175.59
  176.68
  177.77
  178.88
  180.00
  181.17
  182.43
  183.79
  185.25
  186.83
  188.55
  190.40
  192.41
  194.60
  196.98
  199.56
  202.36
  205.40
  208.69
  212.22
  216.00
  183.78
  187.31
  190.60
  193.64
  196.44
  199.02
  201.40
  203.59
  205.60
  207.45
  209.17
  210.75
  212.21
  213.57
  214.83
  216.00
  217.12
  218.23
  219.32
  220.41
  221.49
  222.57
  223.65
  224.74
  225.85
  226.96
  228.08
  229.23
  230.39
  231.57
  232.77
  234.00
  235.23
  236.43
  237.61
  238.77
  239.92
  241.04
  242.15
  243.26
  244.35
  245.43
  246.51
  247.59
  248.68
  249.77
  250.88
  252.00
  253.17
  254.43
  255.79
  257.25
  258.83
  260.55
  262.40
  264.41
  266.60
  268.98
  271.56
  274.36
  277.40
  280.69
  284.22
  288.00
  255.78
  259.31
  262.60
  265.64
  268.44
  271.02
  273.40
  275.59
  277.60
  279.45
  281.17
  282.75
  284.21
  285.57
  286.83
  288.00
  289.12
  290.23
  291.32
  292.41
  293.49
  294.57
  295.65
  296.74
  297.85
  298.96
  300.08
  301.23
  302.39
  303.57
  304.77
  306.00
  307.23
  308.43
  309.61
  310.77
  311.92
  313.04
  314.15
  315.26
  316.35
  317.43
  318.51
  319.59
  320.68
  321.77
  322.88
  324.00
  325.17
  326.43
  327.79
  329.25
  330.83
  332.55
  334.40
  336.41
  338.60
  340.98
  343.56
  346.36
  349.40
  352.69
  356.22
    0.00
  327.99
  331.71
  335.16
  338.33
  341.24
  343.92
  346.37
  348.61
  350.67
  352.56
  354.30
  355.90
  357.37
  358.74
  360.00
    1.17
    2.26
    3.36
    4.45
    5.53
    6.61
    7.69
    8.76
    9.84
   10.93
   12.04
   13.15
   14.29
   15.44
   16.61
   17.80
   19.01
   20.25
   21.47
   22.66
   23.83
   24.98
   26.12
   27.24
   28.34
   29.44
   30.53
   31.62
   32.71
   33.80
   34.89
   36.00
   37.12
   38.26
   39.51
   40.86
   42.31
   43.87
   45.56
   47.38
   49.35
   51.48
   53.79
   56.29
   58.99
   61.90
   65.04
   68.41
   72.00
   39.99
   43.71
   47.16
   50.33
   53.24
   55.92
   58.37
   60.61
   62.67
   64.56
   66.30
   67.90
   69.37
   70.74
   72.00
   73.17
   74.26
   75.36
   76.45
   77.53
   78.61
   79.69
   80.76
   81.84
   82.93
   84.04
   85.15
   86.29
   87.44
   88.61
   89.80
   91.01
   92.25
   93.47
   94.66
   95.83
   96.98
   98.12
   99.24
  100.34
  101.44
  102.53
  103.62
  104.71
  105.80
  106.89
  108.00
  109.12
  110.26
  111.51
  112.86
  114.31
  115.87
  117.56
  119.38
  121.35
  123.48
  125.79
  128.29
  130.99
  133.90
  137.04
  140.41
  144.00
  111.99
  115.71
  119.16
  122.33
  125.24
  127.92
  130.37
  132.61
  134.67
  136.56
  138.30
  139.90
  141.37
  142.74
  144.00
  145.17
  146.26
  147.36
  148.45
  149.53
  150.61
  151.69
  152.76
  153.84
  154.93
  156.04
  157.15
  158.29
  159.44
  160.61
  161.80
  163.01
  164.25
  165.47
  166.66
  167.83
  168.98
  170.12
  171.24
  172.34
  173.44
  174.53
  175.62
  176.71
  177.80
  178.89
  180.00
  181.12
  182.26
  183.51
  184.86
  186.31
  187.87
  189.56
  191.38
  193.35
  195.48
  197.79
  200.29
  202.99
  205.90
  209.04
  212.41
  216.00
  183.99
  187.71
  191.16
  194.33
  197.24
  199.92
  202.37
  204.61
  206.67
  208.56
  210.30
  211.90
  213.37
  214.74
  216.00
  217.17
  218.26
  219.36
  220.45
  221.53
  222.61
  223.69
  224.76
  225.84
  226.93
  228.04
  229.15
  230.29
  231.44
  232.61
  233.80
  235.01
  236.25
  237.47
  238.66
  239.83
  240.98
  242.12
  243.24
  244.34
  245.44
  246.53
  247.62
  248.71
  249.80
  250.89
  252.00
  253.12
  254.26
  255.51
  256.86
  258.31
  259.87
  261.56
  263.38
  265.35
  267.48
  269.79
  272.29
  274.99
  277.90
  281.04
  284.41
  288.00
  255.99
  259.71
  263.16
  266.33
  269.24
  271.92
  274.37
  276.61
  278.67
  280.56
  282.30
  283.90
  285.37
  286.74
  288.00
  289.17
  290.26
  291.36
  292.45
  293.53
  294.61
  295.69
  296.76
  297.84
  298.93
  300.04
  301.15
  302.29
  303.44
  304.61
  305.80
  307.01
  308.25
  309.47
  310.66
  311.83
  312.98
  314.12
  315.24
  316.34
  317.44
  318.53
  319.62
  320.71
  321.80
  322.89
  324.00
  325.12
  326.26
  327.51
  328.86
  330.31
  331.87
  333.56
  335.38
  337.35
  339.48
  341.79
  344.29
  346.99
  349.90
  353.04
  356.41
    0.00
  328.24
  332.17
  335.79
  339.11
  342.15
  344.92
  347.44
  349.75
  351.85
  353.77
  355.53
  357.15
  358.63
  360.00
    1.26
    2.43
    3.51
    4.52
    5.60
    6.68
    7.75
    8.81
    9.88
   10.95
   12.04
   13.13
   14.23
   15.35
   16.49
   17.65
   18.83
   20.02
   21.28
   22.50
   23.71
   24.89
   26.05
   27.19
   28.32
   29.43
   30.53
   31.63
   32.72
   33.81
   34.90
   36.00
   37.11
   38.23
   39.36
   40.52
   41.85
   43.29
   44.83
   46.49
   48.28
   50.20
   52.28
   54.52
   56.94
   59.54
   62.35
   65.36
   68.58
   72.00
   40.24
   44.17
   47.79
   51.11
   54.15
   56.92
   59.44
   61.75
   63.85
   65.77
   67.53
   69.15
   70.63
   72.00
   73.26
   74.43
   75.51
   76.52
   77.60
   78.68
   79.75
   80.81
   81.88
   82.95
   84.04
   85.13
   86.23
   87.35
   88.49
   89.65
   90.83
   92.02
   93.28
   94.50
   95.71
   96.89
   98.05
   99.19
  100.32
  101.43
  102.53
  103.63
  104.72
  105.81
  106.90
  108.00
  109.11
  110.23
  111.36
  112.52
  113.85
  115.29
  116.83
  118.49
  120.28
  122.20
  124.28
  126.52
  128.94
  131.54
  134.35
  137.36
  140.58
  144.00
  112.24
  116.17
  119.79
  123.11
  126.15
  128.92
  131.44
  133.75
  135.85
  137.77
  139.53
  141.15
  142.63
  144.00
  145.26
  146.43
  147.51
  148.52
  149.60
  150.68
  151.75
  152.81
  153.88
  154.95
  156.04
  157.13
  158.23
  159.35
  160.49
  161.65
  162.83
  164.02
  165.28
  166.50
  167.71
  168.89
  170.05
  171.19
  172.32
  173.43
  174.53
  175.63
  176.72
  177.81
  178.90
  180.00
  181.11
  182.23
  183.36
  184.52
  185.85
  187.29
  188.83
  190.49
  192.28
  194.20
  196.28
  198.52
  200.94
  203.54
  206.35
  209.36
  212.58
  216.00
  184.24
  188.17
  191.79
  195.11
  198.15
  200.92
  203.44
  205.75
  207.85
  209.77
  211.53
  213.15
  214.63
  216.00
  217.26
  218.43
  219.51
  220.52
  221.60
  222.68
  223.75
  224.81
  225.88
  226.95
  228.04
  229.13
  230.23
  231.35
  232.49
  233.65
  234.83
  236.02
  237.28
  238.50
  239.71
  240.89
  242.05
  243.19
  244.32
  245.43
  246.53
  247.63
  248.72
  249.81
  250.90
  252.00
  253.11
  254.23
  255.36
  256.52
  257.85
  259.29
  260.83
  262.49
  264.28
  266.20
  268.28
  270.52
  272.94
  275.54
  278.35
  281.36
  284.58
  288.00
  256.24
  260.17
  263.79
  267.11
  270.15
  272.92
  275.44
  277.75
  279.85
  281.77
  283.53
  285.15
  286.63
  288.00
  289.26
  290.43
  291.51
  292.52
  293.60
  294.68
  295.75
  296.81
  297.88
  298.95
  300.04
  301.13
  302.23
  303.35
  304.49
  305.65
  306.83
  308.02
  309.28
  310.50
  311.71
  312.89
  314.05
  315.19
  316.32
  317.43
  318.53
  319.63
  320.72
  321.81
  322.90
  324.00
  325.11
  326.23
  327.36
  328.52
  329.85
  331.29
  332.83
  334.49
  336.28
  338.20
  340.28
  342.52
  344.94
  347.54
  350.35
  353.36
  356.58
    0.00
  328.51
  332.69
  336.51
  340.00
  343.16
  346.04
  348.64
  351.00
  353.15
  355.10
  356.88
  358.51
  360.00
    1.37
    2.63
    3.79
    4.86
    5.85
    6.78
    7.84
    8.90
    9.96
   11.02
   12.08
   13.15
   14.23
   15.32
   16.43
   17.55
   18.70
   19.86
   21.04
   22.31
   23.54
   24.75
   25.94
   27.11
   28.26
   29.39
   30.51
   31.62
   32.72
   33.81
   34.91
   36.00
   37.10
   38.20
   39.32
   40.45
   41.60
   42.78
   44.19
   45.72
   47.35
   49.10
   50.98
   53.01
   55.19
   57.53
   60.05
   62.75
   65.64
   68.73
   72.00
   40.51
   44.69
   48.51
   52.00
   55.16
   58.04
   60.64
   63.00
   65.15
   67.10
   68.88
   70.51
   72.00
   73.37
   74.63
   75.79
   76.86
   77.85
   78.78
   79.84
   80.90
   81.96
   83.02
   84.08
   85.15
   86.23
   87.32
   88.43
   89.55
   90.70
   91.86
   93.04
   94.31
   95.54
   96.75
   97.94
   99.11
  100.26
  101.39
  102.51
  103.62
  104.72
  105.81
  106.91
  108.00
  109.10
  110.20
  111.32
  112.45
  113.60
  114.78
  116.19
  117.72
  119.35
  121.10
  122.98
  125.01
  127.19
  129.53
  132.05
  134.75
  137.64
  140.73
  144.00
  112.51
  116.69
  120.51
  124.00
  127.16
  130.04
  132.64
  135.00
  137.15
  139.10
  140.88
  142.51
  144.00
  145.37
  146.63
  147.79
  148.86
  149.85
  150.78
  151.84
  152.90
  153.96
  155.02
  156.08
  157.15
  158.23
  159.32
  160.43
  161.55
  162.70
  163.86
  165.04
  166.31
  167.54
  168.75
  169.94
  171.11
  172.26
  173.39
  174.51
  175.62
  176.72
  177.81
  178.91
  180.00
  181.10
  182.20
  183.32
  184.45
  185.60
  186.78
  188.19
  189.72
  191.35
  193.10
  194.98
  197.01
  199.19
  201.53
  204.05
  206.75
  209.64
  212.73
  216.00
  184.51
  188.69
  192.51
  196.00
  199.16
  202.04
  204.64
  207.00
  209.15
  211.10
  212.88
  214.51
  216.00
  217.37
  218.63
  219.79
  220.86
  221.85
  222.78
  223.84
  224.90
  225.96
  227.02
  228.08
  229.15
  230.23
  231.32
  232.43
  233.55
  234.70
  235.86
  237.04
  238.31
  239.54
  240.75
  241.94
  243.11
  244.26
  245.39
  246.51
  247.62
  248.72
  249.81
  250.91
  252.00
  253.10
  254.20
  255.32
  256.45
  257.60
  258.78
  260.19
  261.72
  263.35
  265.10
  266.98
  269.01
  271.19
  273.53
  276.05
  278.75
  281.64
  284.73
  288.00
  256.51
  260.69
  264.51
  268.00
  271.16
  274.04
  276.64
  279.00
  281.15
  283.10
  284.88
  286.51
  288.00
  289.37
  290.63
  291.79
  292.86
  293.85
  294.78
  295.84
  296.90
  297.96
  299.02
  300.08
  301.15
  302.23
  303.32
  304.43
  305.55
  306.70
  307.86
  309.04
  310.31
  311.54
  312.75
  313.94
  315.11
  316.26
  317.39
  318.51
  319.62
  320.72
  321.81
  322.91
  324.00
  325.10
  326.20
  327.32
  328.45
  329.60
  330.78
  332.19
  333.72
  335.35
  337.10
  338.98
  341.01
  343.19
  345.53
  348.05
  350.75
  353.64
  356.73
    0.00
  328.84
  333.29
  337.34
  341.01
  344.32
  347.30
  349.98
  352.40
  354.59
  356.57
  358.37
  360.00
    1.49
    2.85
    4.10
    5.25
    6.31
    7.29
    8.19
    9.03
   10.08
   11.13
   12.18
   13.22
   14.28
   15.35
   16.42
   17.51
   18.62
   19.75
   20.90
   22.07
   23.34
   24.59
   25.81
   27.01
   28.18
   29.33
   30.47
   31.60
   32.71
   33.81
   34.91
   36.00
   37.09
   38.19
   39.29
   40.41
   41.53
   42.68
   43.84
   45.03
   46.53
   48.14
   49.86
   51.70
   53.68
   55.80
   58.07
   60.51
   63.12
   65.90
   68.86
   72.00
   40.84
   45.29
   49.34
   53.01
   56.32
   59.30
   61.98
   64.40
   66.59
   68.57
   70.37
   72.00
   73.49
   74.85
   76.10
   77.25
   78.31
   79.29
   80.19
   81.03
   82.08
   83.13
   84.18
   85.22
   86.28
   87.35
   88.42
   89.51
   90.62
   91.75
   92.90
   94.07
   95.34
   96.59
   97.81
   99.01
  100.18
  101.33
  102.47
  103.60
  104.71
  105.81
  106.91
  108.00
  109.09
  110.19
  111.29
  112.41
  113.53
  114.68
  115.84
  117.03
  118.53
  120.14
  121.86
  123.70
  125.68
  127.80
  130.07
  132.51
  135.12
  137.90
  140.86
  144.00
  112.84
  117.29
  121.34
  125.01
  128.32
  131.30
  133.98
  136.40
  138.59
  140.57
  142.37
  144.00
  145.49
  146.85
  148.10
  149.25
  150.31
  151.29
  152.19
  153.03
  154.08
  155.13
  156.18
  157.22
  158.28
  159.35
  160.42
  161.51
  162.62
  163.75
  164.90
  166.07
  167.34
  168.59
  169.81
  171.01
  172.18
  173.33
  174.47
  175.60
  176.71
  177.81
  178.91
  180.00
  181.09
  182.19
  183.29
  184.41
  185.53
  186.68
  187.84
  189.03
  190.53
  192.14
  193.86
  195.70
  197.68
  199.80
  202.07
  204.51
  207.12
  209.90
  212.86
  216.00
  184.84
  189.29
  193.34
  197.01
  200.32
  203.30
  205.98
  208.40
  210.59
  212.57
  214.37
  216.00
  217.49
  218.85
  220.10
  221.25
  222.31
  223.29
  224.19
  225.03
  226.08
  227.13
  228.18
  229.22
  230.28
  231.35
  232.42
  233.51
  234.62
  235.75
  236.90
  238.07
  239.34
  240.59
  241.81
  243.01
  244.18
  245.33
  246.47
  247.60
  248.71
  249.81
  250.91
  252.00
  253.09
  254.19
  255.29
  256.41
  257.53
  258.68
  259.84
  261.03
  262.53
  264.14
  265.86
  267.70
  269.68
  271.80
  274.07
  276.51
  279.12
  281.90
  284.86
  288.00
  256.84
  261.29
  265.34
  269.01
  272.32
  275.30
  277.98
  280.40
  282.59
  284.57
  286.37
  288.00
  289.49
  290.85
  292.10
  293.25
  294.31
  295.29
  296.19
  297.03
  298.08
  299.13
  300.18
  301.22
  302.28
  303.35
  304.42
  305.51
  306.62
  307.75
  308.90
  310.07
  311.34
  312.59
  313.81
  315.01
  316.18
  317.33
  318.47
  319.60
  320.71
  321.81
  322.91
  324.00
  325.09
  326.19
  327.29
  328.41
  329.53
  330.68
  331.84
  333.03
  334.53
  336.14
  337.86
  339.70
  341.68
  343.80
  346.07
  348.51
  351.12
  353.90
  356.86
    0.00
  329.22
  333.99
  338.30
  342.17
  345.63
  348.73
  351.49
  353.97
  356.20
  358.20
  360.00
    1.63
    3.12
    4.47
    5.70
    6.83
    7.87
    8.83
    9.72
   10.53
   11.29
   12.32
   13.36
   14.39
   15.43
   16.48
   17.54
   18.62
   19.71
   20.82
   21.95
   23.10
   24.39
   25.64
   26.87
   28.08
   29.26
   30.42
   31.56
   32.68
   33.80
   34.90
   36.00
   37.09
   38.19
   39.28
   40.38
   41.49
   42.61
   43.75
   44.90
   46.08
   47.29
   48.87
   50.56
   52.36
   54.29
   56.36
   58.57
   60.93
   63.45
   66.13
   68.99
   72.00
   41.22
   45.99
   50.30
   54.17
   57.63
   60.73
   63.49
   65.97
   68.20
   70.20
   72.00
   73.63
   75.12
   76.47
   77.70
   78.83
   79.87
   80.83
   81.72
   82.53
   83.29
   84.32
   85.36
   86.39
   87.43
   88.48
   89.54
   90.62
   91.71
   92.82
   93.95
   95.10
   96.39
   97.64
   98.87
  100.08
  101.26
  102.42
  103.56
  104.68
  105.80
  106.90
  108.00
  109.09
  110.19
  111.28
  112.38
  113.49
  114.61
  115.75
  116.90
  118.08
  119.29
  120.87
  122.56
  124.36
  126.29
  128.36
  130.57
  132.93
  135.45
  138.13
  140.99
  144.00
  113.22
  117.99
  122.30
  126.17
  129.63
  132.73
  135.49
  137.97
  140.20
  142.20
  144.00
  145.63
  147.12
  148.47
  149.70
  150.83
  151.87
  152.83
  153.72
  154.53
  155.29
  156.32
  157.36
  158.39
  159.43
  160.48
  161.54
  162.62
  163.71
  164.82
  165.95
  167.10
  168.39
  169.64
  170.87
  172.08
  173.26
  174.42
  175.56
  176.68
  177.80
  178.90
  180.00
  181.09
  182.19
  183.28
  184.38
  185.49
  186.61
  187.75
  188.90
  190.08
  191.29
  192.87
  194.56
  196.36
  198.29
  200.36
  202.57
  204.93
  207.45
  210.13
  212.99
  216.00
  185.22
  189.99
  194.30
  198.17
  201.63
  204.73
  207.49
  209.97
  212.20
  214.20
  216.00
  217.63
  219.12
  220.47
  221.70
  222.83
  223.87
  224.83
  225.72
  226.53
  227.29
  228.32
  229.36
  230.39
  231.43
  232.48
  233.54
  234.62
  235.71
  236.82
  237.95
  239.10
  240.39
  241.64
  242.87
  244.08
  245.26
  246.42
  247.56
  248.68
  249.80
  250.90
  252.00
  253.09
  254.19
  255.28
  256.38
  257.49
  258.61
  259.75
  260.90
  262.08
  263.29
  264.87
  266.56
  268.36
  270.29
  272.36
  274.57
  276.93
  279.45
  282.13
  284.99
  288.00
  257.22
  261.99
  266.30
  270.17
  273.63
  276.73
  279.49
  281.97
  284.20
  286.20
  288.00
  289.63
  291.12
  292.47
  293.70
  294.83
  295.87
  296.83
  297.72
  298.53
  299.29
  300.32
  301.36
  302.39
  303.43
  304.48
  305.54
  306.62
  307.71
  308.82
  309.95
  311.10
  312.39
  313.64
  314.87
  316.08
  317.26
  318.42
  319.56
  320.68
  321.80
  322.90
  324.00
  325.09
  326.19
  327.28
  328.38
  329.49
  330.61
  331.75
  332.90
  334.08
  335.29
  336.87
  338.56
  340.36
  342.29
  344.36
  346.57
  348.93
  351.45
  354.13
  356.99
    0.00
  329.68
  334.82
  339.43
  343.52
  347.15
  350.36
  353.21
  355.74
  357.99
  360.00
    1.80
    3.43
    4.90
    6.23
    7.44
    8.55
    9.56
   10.49
   11.35
   12.14
   12.87
   13.55
   14.56
   15.58
   16.61
   17.64
   18.68
   19.74
   20.82
   21.91
   23.02
   24.15
   25.45
   26.71
   27.95
   29.16
   30.34
   31.50
   32.65
   33.78
   34.89
   36.00
   37.10
   38.19
   39.28
   40.37
   41.47
   42.57
   43.69
   44.81
   45.96
   47.13
   48.32
   49.55
   51.20
   52.97
   54.86
   56.87
   59.02
   61.31
   63.75
   66.35
   69.10
   72.00
   41.68
   46.82
   51.43
   55.52
   59.15
   62.36
   65.21
   67.74
   69.99
   72.00
   73.80
   75.43
   76.90
   78.23
   79.44
   80.55
   81.56
   82.49
   83.35
   84.14
   84.87
   85.55
   86.56
   87.58
   88.61
   89.64
   90.68
   91.74
   92.82
   93.91
   95.02
   96.15
   97.45
   98.71
   99.95
  101.16
  102.34
  103.50
  104.65
  105.78
  106.89
  108.00
  109.10
  110.19
  111.28
  112.37
  113.47
  114.57
  115.69
  116.81
  117.96
  119.13
  120.32
  121.55
  123.20
  124.97
  126.86
  128.87
  131.02
  133.31
  135.75
  138.35
  141.10
  144.00
  113.68
  118.82
  123.43
  127.52
  131.15
  134.36
  137.21
  139.74
  141.99
  144.00
  145.80
  147.43
  148.90
  150.23
  151.44
  152.55
  153.56
  154.49
  155.35
  156.14
  156.87
  157.55
  158.56
  159.58
  160.61
  161.64
  162.68
  163.74
  164.82
  165.91
  167.02
  168.15
  169.45
  170.71
  171.95
  173.16
  174.34
  175.50
  176.65
  177.78
  178.89
  180.00
  181.10
  182.19
  183.28
  184.37
  185.47
  186.57
  187.69
  188.81
  189.96
  191.13
  192.32
  193.55
  195.20
  196.97
  198.86
  200.87
  203.02
  205.31
  207.75
  210.35
  213.10
  216.00
  185.68
  190.82
  195.43
  199.52
  203.15
  206.36
  209.21
  211.74
  213.99
  216.00
  217.80
  219.43
  220.90
  222.23
  223.44
  224.55
  225.56
  226.49
  227.35
  228.14
  228.87
  229.55
  230.56
  231.58
  232.61
  233.64
  234.68
  235.74
  236.82
  237.91
  239.02
  240.15
  241.45
  242.71
  243.95
  245.16
  246.34
  247.50
  248.65
  249.78
  250.89
  252.00
  253.10
  254.19
  255.28
  256.37
  257.47
  258.57
  259.69
  260.81
  261.96
  263.13
  264.32
  265.55
  267.20
  268.97
  270.86
  272.87
  275.02
  277.31
  279.75
  282.35
  285.10
  288.00
  257.68
  262.82
  267.43
  271.52
  275.15
  278.36
  281.21
  283.74
  285.99
  288.00
  289.80
  291.43
  292.90
  294.23
  295.44
  296.55
  297.56
  298.49
  299.35
  300.14
  300.87
  301.55
  302.56
  303.58
  304.61
  305.64
  306.68
  307.74
  308.82
  309.91
  311.02
  312.15
  313.45
  314.71
  315.95
  317.16
  318.34
  319.50
  320.65
  321.78
  322.89
  324.00
  325.10
  326.19
  327.28
  328.37
  329.47
  330.57
  331.69
  332.81
  333.96
  335.13
  336.32
  337.55
  339.20
  340.97
  342.86
  344.87
  347.02
  349.31
  351.75
  354.35
  357.10
    0.00
  330.23
  335.82
  340.77
  345.11
  348.91
  352.24
  355.16
  357.73
  360.00
    2.01
    3.80
    5.41
    6.85
    8.15
    9.33
   10.40
   11.38
   12.28
   13.10
   13.86
   14.56
   15.20
   15.80
   16.80
   17.81
   18.82
   19.85
   20.89
   21.94
   23.01
   24.10
   25.21
   26.52
   27.79
   29.03
   30.25
   31.44
   32.61
   33.75
   34.88
   36.00
   37.11
   38.20
   39.29
   40.38
   41.47
   42.56
   43.65
   44.76
   45.88
   47.02
   48.18
   49.36
   50.56
   51.80
   53.54
   55.38
   57.35
   59.44
   61.67
   64.03
   66.54
   69.20
   72.00
   42.23
   47.82
   52.77
   57.11
   60.91
   64.24
   67.16
   69.73
   72.00
   74.01
   75.80
   77.41
   78.85
   80.15
   81.33
   82.40
   83.38
   84.28
   85.10
   85.86
   86.56
   87.20
   87.80
   88.80
   89.81
   90.82
   91.85
   92.89
   93.94
   95.01
   96.10
   97.21
   98.52
   99.79
  101.03
  102.25
  103.44
  104.61
  105.75
  106.88
  108.00
  109.11
  110.20
  111.29
  112.38
  113.47
  114.56
  115.65
  116.76
  117.88
  119.02
  120.18
  121.36
  122.56
  123.80
  125.54
  127.38
  129.35
  131.44
  133.67
  136.03
  138.54
  141.20
  144.00
  114.23
  119.82
  124.77
  129.11
  132.91
  136.24
  139.16
  141.73
  144.00
  146.01
  147.80
  149.41
  150.85
  152.15
  153.33
  154.40
  155.38
  156.28
  157.10
  157.86
  158.56
  159.20
  159.80
  160.80
  161.81
  162.82
  163.85
  164.89
  165.94
  167.01
  168.10
  169.21
  170.52
  171.79
  173.03
  174.25
  175.44
  176.61
  177.75
  178.88
  180.00
  181.11
  182.20
  183.29
  184.38
  185.47
  186.56
  187.65
  188.76
  189.88
  191.02
  192.18
  193.36
  194.56
  195.80
  197.54
  199.38
  201.35
  203.44
  205.67
  208.03
  210.54
  213.20
  216.00
  186.23
  191.82
  196.77
  201.11
  204.91
  208.24
  211.16
  213.73
  216.00
  218.01
  219.80
  221.41
  222.85
  224.15
  225.33
  226.40
  227.38
  228.28
  229.10
  229.86
  230.56
  231.20
  231.80
  232.80
  233.81
  234.82
  235.85
  236.89
  237.94
  239.01
  240.10
  241.21
  242.52
  243.79
  245.03
  246.25
  247.44
  248.61
  249.75
  250.88
  252.00
  253.11
  254.20
  255.29
  256.38
  257.47
  258.56
  259.65
  260.76
  261.88
  263.02
  264.18
  265.36
  266.56
  267.80
  269.54
  271.38
  273.35
  275.44
  277.67
  280.03
  282.54
  285.20
  288.00
  258.23
  263.82
  268.77
  273.11
  276.91
  280.24
  283.16
  285.73
  288.00
  290.01
  291.80
  293.41
  294.85
  296.15
  297.33
  298.40
  299.38
  300.28
  301.10
  301.86
  302.56
  303.20
  303.80
  304.80
  305.81
  306.82
  307.85
  308.89
  309.94
  311.01
  312.10
  313.21
  314.52
  315.79
  317.03
  318.25
  319.44
  320.61
  321.75
  322.88
  324.00
  325.11
  326.20
  327.29
  328.38
  329.47
  330.56
  331.65
  332.76
  333.88
  335.02
  336.18
  337.36
  338.56
  339.80
  341.54
  343.38
  345.35
  347.44
  349.67
  352.03
  354.54
  357.20
    0.00
  330.91
  337.04
  342.38
  347.00
  350.99
  354.43
  357.41
  360.00
    2.27
    4.26
    6.03
    7.60
    9.00
   10.25
   11.39
   12.41
   13.35
   14.20
   14.98
   15.70
   16.36
   16.97
   17.54
   18.06
   19.04
   20.04
   21.04
   22.06
   23.09
   24.14
   25.21
   26.30
   27.61
   28.89
   30.14
   31.36
   32.55
   33.72
   34.87
   36.00
   37.12
   38.22
   39.32
   40.40
   41.49
   42.57
   43.66
   44.74
   45.84
   46.95
   48.08
   49.22
   50.39
   51.58
   52.80
   54.06
   55.86
   57.78
   59.82
   61.99
   64.29
   66.72
   69.29
   72.00
   42.91
   49.04
   54.38
   59.00
   62.99
   66.43
   69.41
   72.00
   74.27
   76.26
   78.03
   79.60
   81.00
   82.25
   83.39
   84.41
   85.35
   86.20
   86.98
   87.70
   88.36
   88.97
   89.54
   90.06
   91.04
   92.04
   93.04
   94.06
   95.09
   96.14
   97.21
   98.30
   99.61
  100.89
  102.14
  103.36
  104.55
  105.72
  106.87
  108.00
  109.12
  110.22
  111.32
  112.40
  113.49
  114.57
  115.66
  116.74
  117.84
  118.95
  120.08
  121.22
  122.39
  123.58
  124.80
  126.06
  127.86
  129.78
  131.82
  133.99
  136.29
  138.72
  141.29
  144.00
  114.91
  121.04
  126.38
  131.00
  134.99
  138.43
  141.41
  144.00
  146.27
  148.26
  150.03
  151.60
  153.00
  154.25
  155.39
  156.41
  157.35
  158.20
  158.98
  159.70
  160.36
  160.97
  161.54
  162.06
  163.04
  164.04
  165.04
  166.06
  167.09
  168.14
  169.21
  170.30
  171.61
  172.89
  174.14
  175.36
  176.55
  177.72
  178.87
  180.00
  181.12
  182.22
  183.32
  184.40
  185.49
  186.57
  187.66
  188.74
  189.84
  190.95
  192.08
  193.22
  194.39
  195.58
  196.80
  198.06
  199.86
  201.78
  203.82
  205.99
  208.29
  210.72
  213.29
  216.00
  186.91
  193.04
  198.38
  203.00
  206.99
  210.43
  213.41
  216.00
  218.27
  220.26
  222.03
  223.60
  225.00
  226.25
  227.39
  228.41
  229.35
  230.20
  230.98
  231.70
  232.36
  232.97
  233.54
  234.06
  235.04
  236.04
  237.04
  238.06
  239.09
  240.14
  241.21
  242.30
  243.61
  244.89
  246.14
  247.36
  248.55
  249.72
  250.87
  252.00
  253.12
  254.22
  255.32
  256.40
  257.49
  258.57
  259.66
  260.74
  261.84
  262.95
  264.08
  265.22
  266.39
  267.58
  268.80
  270.06
  271.86
  273.78
  275.82
  277.99
  280.29
  282.72
  285.29
  288.00
  258.91
  265.04
  270.38
  275.00
  278.99
  282.43
  285.41
  288.00
  290.27
  292.26
  294.03
  295.60
  297.00
  298.25
  299.39
  300.41
  301.35
  302.20
  302.98
  303.70
  304.36
  304.97
  305.54
  306.06
  307.04
  308.04
  309.04
  310.06
  311.09
  312.14
  313.21
  314.30
  315.61
  316.89
  318.14
  319.36
  320.55
  321.72
  322.87
  324.00
  325.12
  326.22
  327.32
  328.40
  329.49
  330.57
  331.66
  332.74
  333.84
  334.95
  336.08
  337.22
  338.39
  339.58
  340.80
  342.06
  343.86
  345.78
  347.82
  349.99
  352.29
  354.72
  357.29
    0.00
  331.78
  338.56
  344.36
  349.28
  353.44
  356.98
  360.00
    2.59
    4.84
    6.79
    8.51
   10.02
   11.36
   12.56
   13.63
   14.60
   15.48
   16.28
   17.01
   17.68
   18.29
   18.86
   19.38
   19.86
   20.31
   21.28
   22.26
   23.26
   24.26
   25.29
   26.34
   27.40
   28.72
   30.00
   31.26
   32.48
   33.68
   34.85
   36.00
   37.13
   38.25
   39.35
   40.44
   41.53
   42.61
   43.68
   44.76
   45.85
   46.93
   48.04
   49.15
   50.28
   51.43
   52.61
   53.81
   55.04
   56.31
   58.19
   60.18
   62.29
   64.53
   66.89
   69.38
   72.00
   43.78
   50.56
   56.36
   61.28
   65.44
   68.98
   72.00
   74.59
   76.84
   78.79
   80.51
   82.02
   83.36
   84.56
   85.63
   86.60
   87.48
   88.28
   89.01
   89.68
   90.29
   90.86
   91.38
   91.86
   92.31
   93.28
   94.26
   95.26
   96.26
   97.29
   98.34
   99.40
  100.72
  102.00
  103.26
  104.48
  105.68
  106.85
  108.00
  109.13
  110.25
  111.35
  112.44
  113.53
  114.61
  115.68
  116.76
  117.85
  118.93
  120.04
  121.15
  122.28
  123.43
  124.61
  125.81
  127.04
  128.31
  130.19
  132.18
  134.29
  136.53
  138.89
  141.38
  144.00
  115.78
  122.56
  128.36
  133.28
  137.44
  140.98
  144.00
  146.59
  148.84
  150.79
  152.51
  154.02
  155.36
  156.56
  157.63
  158.60
  159.48
  160.28
  161.01
  161.68
  162.29
  162.86
  163.38
  163.86
  164.31
  165.28
  166.26
  167.26
  168.26
  169.29
  170.34
  171.40
  172.72
  174.00
  175.26
  176.48
  177.68
  178.85
  180.00
  181.13
  182.25
  183.35
  184.44
  185.53
  186.61
  187.68
  188.76
  189.85
  190.93
  192.04
  193.15
  194.28
  195.43
  196.61
  197.81
  199.04
  200.31
  202.19
  204.18
  206.29
  208.53
  210.89
  213.38
  216.00
  187.78
  194.56
  200.36
  205.28
  209.44
  212.98
  216.00
  218.59
  220.84
  222.79
  224.51
  226.02
  227.36
  228.56
  229.63
  230.60
  231.48
  232.28
  233.01
  233.68
  234.29
  234.86
  235.38
  235.86
  236.31
  237.28
  238.26
  239.26
  240.26
  241.29
  242.34
  243.40
  244.72
  246.00
  247.26
  248.48
  249.68
  250.85
  252.00
  253.13
  254.25
  255.35
  256.44
  257.53
  258.61
  259.68
  260.76
  261.85
  262.93
  264.04
  265.15
  266.28
  267.43
  268.61
  269.81
  271.04
  272.31
  274.19
  276.18
  278.29
  280.53
  282.89
  285.38
  288.00
  259.78
  266.56
  272.36
  277.28
  281.44
  284.98
  288.00
  290.59
  292.84
  294.79
  296.51
  298.02
  299.36
  300.56
  301.63
  302.60
  303.48
  304.28
  305.01
  305.68
  306.29
  306.86
  307.38
  307.86
  308.31
  309.28
  310.26
  311.26
  312.26
  313.29
  314.34
  315.40
  316.72
  318.00
  319.26
  320.48
  321.68
  322.85
  324.00
  325.13
  326.25
  327.35
  328.44
  329.53
  330.61
  331.68
  332.76
  333.85
  334.93
  336.04
  337.15
  338.28
  339.43
  340.61
  341.81
  343.04
  344.31
  346.19
  348.18
  350.29
  352.53
  354.89
  357.38
    0.00
  332.92
  340.51
  346.84
  352.07
  356.40
  360.00
    3.02
    5.57
    7.76
    9.64
   11.27
   12.70
   13.96
   15.08
   16.08
   16.98
   17.79
   18.52
   19.19
   19.80
   20.36
   20.87
   21.35
   21.78
   22.19
   22.57
   23.52
   24.49
   25.47
   26.47
   27.49
   28.53
   29.85
   31.14
   32.40
   33.63
   34.83
   36.00
   37.15
   38.28
   39.39
   40.50
   41.58
   42.67
   43.74
   44.81
   45.88
   46.96
   48.04
   49.13
   50.23
   51.35
   52.48
   53.64
   54.82
   56.04
   57.28
   58.57
   60.51
   62.57
   64.75
   67.04
   69.46
   72.00
   44.92
   52.51
   58.84
   64.07
   68.40
   72.00
   75.02
   77.57
   79.76
   81.64
   83.27
   84.70
   85.96
   87.08
   88.08
   88.98
   89.79
   90.52
   91.19
   91.80
   92.36
   92.87
   93.35
   93.78
   94.19
   94.57
   95.52
   96.49
   97.47
   98.47
   99.49
  100.53
  101.85
  103.14
  104.40
  105.63
  106.83
  108.00
  109.15
  110.28
  111.39
  112.50
  113.58
  114.67
  115.74
  116.81
  117.88
  118.96
  120.04
  121.13
  122.23
  123.35
  124.48
  125.64
  126.82
  128.04
  129.28
  130.57
  132.51
  134.57
  136.75
  139.04
  141.46
  144.00
  116.92
  124.51
  130.84
  136.07
  140.40
  144.00
  147.02
  149.57
  151.76
  153.64
  155.27
  156.70
  157.96
  159.08
  160.08
  160.98
  161.79
  162.52
  163.19
  163.80
  164.36
  164.87
  165.35
  165.78
  166.19
  166.57
  167.52
  168.49
  169.47
  170.47
  171.49
  172.53
  173.85
  175.14
  176.40
  177.63
  178.83
  180.00
  181.15
  182.28
  183.39
  184.50
  185.58
  186.67
  187.74
  188.81
  189.88
  190.96
  192.04
  193.13
  194.23
  195.35
  196.48
  197.64
  198.82
  200.04
  201.28
  202.57
  204.51
  206.57
  208.75
  211.04
  213.46
  216.00
  188.92
  196.51
  202.84
  208.07
  212.40
  216.00
  219.02
  221.57
  223.76
  225.64
  227.27
  228.70
  229.96
  231.08
  232.08
  232.98
  233.79
  234.52
  235.19
  235.80
  236.36
  236.87
  237.35
  237.78
  238.19
  238.57
  239.52
  240.49
  241.47
  242.47
  243.49
  244.53
  245.85
  247.14
  248.40
  249.63
  250.83
  252.00
  253.15
  254.28
  255.39
  256.50
  257.58
  258.67
  259.74
  260.81
  261.88
  262.96
  264.04
  265.13
  266.23
  267.35
  268.48
  269.64
  270.82
  272.04
  273.28
  274.57
  276.51
  278.57
  280.75
  283.04
  285.46
  288.00
  260.92
  268.51
  274.84
  280.07
  284.40
  288.00
  291.02
  293.57
  295.76
  297.64
  299.27
  300.70
  301.96
  303.08
  304.08
  304.98
  305.79
  306.52
  307.19
  307.80
  308.36
  308.87
  309.35
  309.78
  310.19
  310.57
  311.52
  312.49
  313.47
  314.47
  315.49
  316.53
  317.85
  319.14
  320.40
  321.63
  322.83
  324.00
  325.15
  326.28
  327.39
  328.50
  329.58
  330.67
  331.74
  332.81
  333.88
  334.96
  336.04
  337.13
  338.23
  339.35
  340.48
  341.64
  342.82
  344.04
  345.28
  346.57
  348.51
  350.57
  352.75
  355.04
  357.46
    0.00
  334.47
  343.10
  350.03
  355.56
  360.00
    3.60
    6.56
    9.01
   11.09
   12.85
   14.37
   15.68
   16.84
   17.85
   18.76
   19.56
   20.29
   20.94
   21.53
   22.07
   22.57
   23.02
   23.44
   23.82
   24.18
   24.51
   24.82
   25.76
   26.71
   27.68
   28.68
   29.69
   31.02
   32.31
   33.57
   34.80
   36.00
   37.17
   38.32
   39.45
   40.56
   41.66
   42.74
   43.82
   44.89
   45.95
   47.02
   48.08
   49.15
   50.23
   51.32
   52.42
   53.54
   54.68
   55.85
   57.04
   58.26
   59.52
   60.82
   62.83
   64.95
   67.18
   69.53
   72.00
   46.47
   55.10
   62.03
   67.56
   72.00
   75.60
   78.56
   81.01
   83.09
   84.85
   86.37
   87.68
   88.84
   89.85
   90.76
   91.56
   92.29
   92.94
   93.53
   94.07
   94.57
   95.02
   95.44
   95.82
   96.18
   96.51
   96.82
   97.76
   98.71
   99.68
  100.68
  101.69
  103.02
  104.31
  105.57
  106.80
  108.00
  109.17
  110.32
  111.45
  112.56
  113.66
  114.74
  115.82
  116.89
  117.95
  119.02
  120.08
  121.15
  122.23
  123.32
  124.42
  125.54
  126.68
  127.85
  129.04
  130.26
  131.52
  132.82
  134.83
  136.95
  139.18
  141.53
  144.00
  118.47
  127.10
  134.03
  139.56
  144.00
  147.60
  150.56
  153.01
  155.09
  156.85
  158.37
  159.68
  160.84
  161.85
  162.76
  163.56
  164.29
  164.94
  165.53
  166.07
  166.57
  167.02
  167.44
  167.82
  168.18
  168.51
  168.82
  169.76
  170.71
  171.68
  172.68
  173.69
  175.02
  176.31
  177.57
  178.80
  180.00
  181.17
  182.32
  183.45
  184.56
  185.66
  186.74
  187.82
  188.89
  189.95
  191.02
  192.08
  193.15
  194.23
  195.32
  196.42
  197.54
  198.68
  199.85
  201.04
  202.26
  203.52
  204.82
  206.83
  208.95
  211.18
  213.53
  216.00
  190.47
  199.10
  206.03
  211.56
  216.00
  219.60
  222.56
  225.01
  227.09
  228.85
  230.37
  231.68
  232.84
  233.85
  234.76
  235.56
  236.29
  236.94
  237.53
  238.07
  238.57
  239.02
  239.44
  239.82
  240.18
  240.51
  240.82
  241.76
  242.71
  243.68
  244.68
  245.69
  247.02
  248.31
  249.57
  250.80
  252.00
  253.17
  254.32
  255.45
  256.56
  257.66
  258.74
  259.82
  260.89
  261.95
  263.02
  264.08
  265.15
  266.23
  267.32
  268.42
  269.54
  270.68
  271.85
  273.04
  274.26
  275.52
  276.82
  278.83
  280.95
  283.18
  285.53
  288.00
  262.47
  271.10
  278.03
  283.56
  288.00
  291.60
  294.56
  297.01
  299.09
  300.85
  302.37
  303.68
  304.84
  305.85
  306.76
  307.56
  308.29
  308.94
  309.53
  310.07
  310.57
  311.02
  311.44
  311.82
  312.18
  312.51
  312.82
  313.76
  314.71
  315.68
  316.68
  317.69
  319.02
  320.31
  321.57
  322.80
  324.00
  325.17
  326.32
  327.45
  328.56
  329.66
  330.74
  331.82
  332.89
  333.95
  335.02
  336.08
  337.15
  338.23
  339.32
  340.42
  341.54
  342.68
  343.85
  345.04
  346.26
  347.52
  348.82
  350.83
  352.95
  355.18
  357.53
    0.00
  336.73
  346.68
  354.25
  360.00
    4.44
    7.93
   10.72
   13.00
   14.89
   16.48
   17.83
   18.99
   20.00
   20.89
   21.67
   22.36
   22.99
   23.54
   24.05
   24.51
   24.93
   25.31
   25.67
   25.99
   26.29
   26.57
   26.83
   27.07
   27.99
   28.93
   29.89
   30.87
   32.21
   33.51
   34.77
   36.00
   37.20
   38.37
   39.52
   40.64
   41.75
   42.84
   43.92
   44.99
   46.06
   47.11
   48.17
   49.23
   50.29
   51.35
   52.43
   53.51
   54.62
   55.74
   56.89
   58.06
   59.26
   60.49
   61.76
   63.07
   65.14
   67.31
   69.60
   72.00
   48.73
   58.68
   66.25
   72.00
   76.44
   79.93
   82.72
   85.00
   86.89
   88.48
   89.83
   90.99
   92.00
   92.89
   93.67
   94.36
   94.99
   95.54
   96.05
   96.51
   96.93
   97.31
   97.67
   97.99
   98.29
   98.57
   98.83
   99.07
   99.99
  100.93
  101.89
  102.87
  104.21
  105.51
  106.77
  108.00
  109.20
  110.37
  111.52
  112.64
  113.75
  114.84
  115.92
  116.99
  118.06
  119.11
  120.17
  121.23
  122.29
  123.35
  124.43
  125.51
  126.62
  127.74
  128.89
  130.06
  131.26
  132.49
  133.76
  135.07
  137.14
  139.31
  141.60
  144.00
  120.73
  130.68
  138.25
  144.00
  148.44
  151.93
  154.72
  157.00
  158.89
  160.48
  161.83
  162.99
  164.00
  164.89
  165.67
  166.36
  166.99
  167.54
  168.05
  168.51
  168.93
  169.31
  169.67
  169.99
  170.29
  170.57
  170.83
  171.07
  171.99
  172.93
  173.89
  174.87
  176.21
  177.51
  178.77
  180.00
  181.20
  182.37
  183.52
  184.64
  185.75
  186.84
  187.92
  188.99
  190.06
  191.11
  192.17
  193.23
  194.29
  195.35
  196.43
  197.51
  198.62
  199.74
  200.89
  202.06
  203.26
  204.49
  205.76
  207.07
  209.14
  211.31
  213.60
  216.00
  192.73
  202.68
  210.25
  216.00
  220.44
  223.93
  226.72
  229.00
  230.89
  232.48
  233.83
  234.99
  236.00
  236.89
  237.67
  238.36
  238.99
  239.54
  240.05
  240.51
  240.93
  241.31
  241.67
  241.99
  242.29
  242.57
  242.83
  243.07
  243.99
  244.93
  245.89
  246.87
  248.21
  249.51
  250.77
  252.00
  253.20
  254.37
  255.52
  256.64
  257.75
  258.84
  259.92
  260.99
  262.06
  263.11
  264.17
  265.23
  266.29
  267.35
  268.43
  269.51
  270.62
  271.74
  272.89
  274.06
  275.26
  276.49
  277.76
  279.07
  281.14
  283.31
  285.60
  288.00
  264.73
  274.68
  282.25
  288.00
  292.44
  295.93
  298.72
  301.00
  302.89
  304.48
  305.83
  306.99
  308.00
  308.89
  309.67
  310.36
  310.99
  311.54
  312.05
  312.51
  312.93
  313.31
  313.67
  313.99
  314.29
  314.57
  314.83
  315.07
  315.99
  316.93
  317.89
  318.87
  320.21
  321.51
  322.77
  324.00
  325.20
  326.37
  327.52
  328.64
  329.75
  330.84
  331.92
  332.99
  334.06
  335.11
  336.17
  337.23
  338.29
  339.35
  340.43
  341.51
  342.62
  343.74
  344.89
  346.06
  347.26
  348.49
  349.76
  351.07
  353.14
  355.31
  357.60
    0.00
  340.26
  351.90
  360.00
    5.75
    9.97
   13.16
   15.64
   17.62
   19.23
   20.57
   21.70
   22.66
   23.49
   24.21
   24.84
   25.40
   25.90
   26.35
   26.75
   27.12
   27.45
   27.75
   28.03
   28.29
   28.53
   28.75
   28.95
   29.14
   29.31
   30.22
   31.15
   32.09
   33.43
   34.74
   36.00
   37.23
   38.43
   39.60
   40.74
   41.86
   42.97
   44.05
   45.13
   46.19
   47.25
   48.29
   49.34
   50.39
   51.44
   52.49
   53.55
   54.62
   55.71
   56.82
   57.94
   59.09
   60.26
   61.47
   62.71
   63.99
   65.31
   67.44
   69.67
   72.00
   52.26
   63.90
   72.00
   77.75
   81.97
   85.16
   87.64
   89.62
   91.23
   92.57
   93.70
   94.66
   95.49
   96.21
   96.84
   97.40
   97.90
   98.35
   98.75
   99.12
   99.45
   99.75
  100.03
  100.29
  100.53
  100.75
  100.95
  101.14
  101.31
  102.22
  103.15
  104.09
  105.43
  106.74
  108.00
  109.23
  110.43
  111.60
  112.74
  113.86
  114.97
  116.05
  117.13
  118.19
  119.25
  120.29
  121.34
  122.39
  123.44
  124.49
  125.55
  126.62
  127.71
  128.82
  129.94
  131.09
  132.26
  133.47
  134.71
  135.99
  137.31
  139.44
  141.67
  144.00
  124.26
  135.90
  144.00
  149.75
  153.97
  157.16
  159.64
  161.62
  163.23
  164.57
  165.70
  166.66
  167.49
  168.21
  168.84
  169.40
  169.90
  170.35
  170.75
  171.12
  171.45
  171.75
  172.03
  172.29
  172.53
  172.75
  172.95
  173.14
  173.31
  174.22
  175.15
  176.09
  177.43
  178.74
  180.00
  181.23
  182.43
  183.60
  184.74
  185.86
  186.97
  188.05
  189.13
  190.19
  191.25
  192.29
  193.34
  194.39
  195.44
  196.49
  197.55
  198.62
  199.71
  200.82
  201.94
  203.09
  204.26
  205.47
  206.71
  207.99
  209.31
  211.44
  213.67
  216.00
  196.26
  207.90
  216.00
  221.75
  225.97
  229.16
  231.64
  233.62
  235.23
  236.57
  237.70
  238.66
  239.49
  240.21
  240.84
  241.40
  241.90
  242.35
  242.75
  243.12
  243.45
  243.75
  244.03
  244.29
  244.53
  244.75
  244.95
  245.14
  245.31
  246.22
  247.15
  248.09
  249.43
  250.74
  252.00
  253.23
  254.43
  255.60
  256.74
  257.86
  258.97
  260.05
  261.13
  262.19
  263.25
  264.29
  265.34
  266.39
  267.44
  268.49
  269.55
  270.62
  271.71
  272.82
  273.94
  275.09
  276.26
  277.47
  278.71
  279.99
  281.31
  283.44
  285.67
  288.00
  268.26
  279.90
  288.00
  293.75
  297.97
  301.16
  303.64
  305.62
  307.23
  308.57
  309.70
  310.66
  311.49
  312.21
  312.84
  313.40
  313.90
  314.35
  314.75
  315.12
  315.45
  315.75
  316.03
  316.29
  316.53
  316.75
  316.95
  317.14
  317.31
  318.22
  319.15
  320.09
  321.43
  322.74
  324.00
  325.23
  326.43
  327.60
  328.74
  329.86
  330.97
  332.05
  333.13
  334.19
  335.25
  336.29
  337.34
  338.39
  339.44
  340.49
  341.55
  342.62
  343.71
  344.82
  345.94
  347.09
  348.26
  349.47
  350.71
  351.99
  353.31
  355.44
  357.67
    0.00
  346.52
  360.00
    8.10
   13.32
   16.90
   19.49
   21.44
   22.96
   24.18
   25.18
   26.01
   26.71
   27.31
   27.83
   28.29
   28.69
   29.04
   29.36
   29.64
   29.90
   30.13
   30.35
   30.54
   30.72
   30.89
   31.04
   31.18
   31.31
   31.44
   31.55
   32.44
   33.35
   34.70
   36.00
   37.26
   38.49
   39.69
   40.86
   42.00
   43.11
   44.21
   45.29
   46.36
   47.41
   48.46
   49.50
   50.53
   51.57
   52.61
   53.65
   54.70
   55.75
   56.82
   57.91
   59.01
   60.14
   61.29
   62.47
   63.68
   64.93
   66.22
   67.55
   69.73
   72.00
   58.52
   72.00
   80.10
   85.32
   88.90
   91.49
   93.44
   94.96
   96.18
   97.18
   98.01
   98.71
   99.31
   99.83
  100.29
  100.69
  101.04
  101.36
  101.64
  101.90
  102.13
  102.35
  102.54
  102.72
  102.89
  103.04
  103.18
  103.31
  103.44
  103.55
  104.44
  105.35
  106.70
  108.00
  109.26
  110.49
  111.69
  112.86
  114.00
  115.11
  116.21
  117.29
  118.36
  119.41
  120.46
  121.50
  122.53
  123.57
  124.61
  125.65
  126.70
  127.75
  128.82
  129.91
  131.01
  132.14
  133.29
  134.47
  135.68
  136.93
  138.22
  139.55
  141.73
  144.00
  130.52
  144.00
  152.10
  157.32
  160.90
  163.49
  165.44
  166.96
  168.18
  169.18
  170.01
  170.71
  171.31
  171.83
  172.29
  172.69
  173.04
  173.36
  173.64
  173.90
  174.13
  174.35
  174.54
  174.72
  174.89
  175.04
  175.18
  175.31
  175.44
  175.55
  176.44
  177.35
  178.70
  180.00
  181.26
  182.49
  183.69
  184.86
  186.00
  187.11
  188.21
  189.29
  190.36
  191.41
  192.46
  193.50
  194.53
  195.57
  196.61
  197.65
  198.70
  199.75
  200.82
  201.91
  203.01
  204.14
  205.29
  206.47
  207.68
  208.93
  210.22
  211.55
  213.73
  216.00
  202.52
  216.00
  224.10
  229.32
  232.90
  235.49
  237.44
  238.96
  240.18
  241.18
  242.01
  242.71
  243.31
  243.83
  244.29
  244.69
  245.04
  245.36
  245.64
  245.90
  246.13
  246.35
  246.54
  246.72
  246.89
  247.04
  247.18
  247.31
  247.44
  247.55
  248.44
  249.35
  250.70
  252.00
  253.26
  254.49
  255.69
  256.86
  258.00
  259.11
  260.21
  261.29
  262.36
  263.41
  264.46
  265.50
  266.53
  267.57
  268.61
  269.65
  270.70
  271.75
  272.82
  273.91
  275.01
  276.14
  277.29
  278.47
  279.68
  280.93
  282.22
  283.55
  285.73
  288.00
  274.52
  288.00
  296.10
  301.32
  304.90
  307.49
  309.44
  310.96
  312.18
  313.18
  314.01
  314.71
  315.31
  315.83
  316.29
  316.69
  317.04
  317.36
  317.64
  317.90
  318.13
  318.35
  318.54
  318.72
  318.89
  319.04
  319.18
  319.31
  319.44
  319.55
  320.44
  321.35
  322.70
  324.00
  325.26
  326.49
  327.69
  328.86
  330.00
  331.11
  332.21
  333.29
  334.36
  335.41
  336.46
  337.50
  338.53
  339.57
  340.61
  341.65
  342.70
  343.75
  344.82
  345.91
  347.01
  348.14
  349.29
  350.47
  351.68
  352.93
  354.22
  355.55
  357.73
    0.00
  360.00
   13.48
   19.74
   23.27
   25.53
   27.08
   28.22
   29.09
   29.77
   30.32
   30.78
   31.16
   31.49
   31.76
   32.01
   32.22
   32.41
   32.58
   32.73
   32.86
   32.99
   33.10
   33.20
   33.29
   33.38
   33.46
   33.53
   33.60
   33.67
   33.73
   33.78
   34.66
   36.00
   37.30
   38.57
   39.79
   40.98
   42.15
   43.28
   44.39
   45.48
   46.55
   47.61
   48.66
   49.69
   50.72
   51.75
   52.77
   53.80
   54.83
   55.86
   56.90
   57.95
   59.02
   60.10
   61.21
   62.34
   63.49
   64.68
   65.89
   67.15
   68.44
   69.78
   72.00
   72.00
   85.48
   91.74
   95.27
   97.53
   99.08
  100.22
  101.09
  101.77
  102.32
  102.78
  103.16
  103.49
  103.76
  104.01
  104.22
  104.41
  104.58
  104.73
  104.86
  104.99
  105.10
  105.20
  105.29
  105.38
  105.46
  105.53
  105.60
  105.67
  105.73
  105.78
  106.66
  108.00
  109.30
  110.57
  111.79
  112.98
  114.15
  115.28
  116.39
  117.48
  118.55
  119.61
  120.66
  121.69
  122.72
  123.75
  124.77
  125.80
  126.83
  127.86
  128.90
  129.95
  131.02
  132.10
  133.21
  134.34
  135.49
  136.68
  137.89
  139.15
  140.44
  141.78
  144.00
  144.00
  157.48
  163.74
  167.27
  169.53
  171.08
  172.22
  173.09
  173.77
  174.32
  174.78
  175.16
  175.49
  175.76
  176.01
  176.22
  176.41
  176.58
  176.73
  176.86
  176.99
  177.10
  177.20
  177.29
  177.38
  177.46
  177.53
  177.60
  177.67
  177.73
  177.78
  178.66
  180.00
  181.30
  182.57
  183.79
  184.98
  186.15
  187.28
  188.39
  189.48
  190.55
  191.61
  192.66
  193.69
  194.72
  195.75
  196.77
  197.80
  198.83
  199.86
  200.90
  201.95
  203.02
  204.10
  205.21
  206.34
  207.49
  208.68
  209.89
  211.15
  212.44
  213.78
  216.00
  216.00
  229.48
  235.74
  239.27
  241.53
  243.08
  244.22
  245.09
  245.77
  246.32
  246.78
  247.16
  247.49
  247.76
  248.01
  248.22
  248.41
  248.58
  248.73
  248.86
  248.99
  249.10
  249.20
  249.29
  249.38
  249.46
  249.53
  249.60
  249.67
  249.73
  249.78
  250.66
  252.00
  253.30
  254.57
  255.79
  256.98
  258.15
  259.28
  260.39
  261.48
  262.55
  263.61
  264.66
  265.69
  266.72
  267.75
  268.77
  269.80
  270.83
  271.86
  272.90
  273.95
  275.02
  276.10
  277.21
  278.34
  279.49
  280.68
  281.89
  283.15
  284.44
  285.78
  288.00
  288.00
  301.48
  307.74
  311.27
  313.53
  315.08
  316.22
  317.09
  317.77
  318.32
  318.78
  319.16
  319.49
  319.76
  320.01
  320.22
  320.41
  320.58
  320.73
  320.86
  320.99
  321.10
  321.20
  321.29
  321.38
  321.46
  321.53
  321.60
  321.67
  321.73
  321.78
  322.66
  324.00
  325.30
  326.57
  327.79
  328.98
  330.15
  331.28
  332.39
  333.48
  334.55
  335.61
  336.66
  337.69
  338.72
  339.75
  340.77
  341.80
  342.83
  343.86
  344.90
  345.95
  347.02
  348.10
  349.21
  350.34
  351.49
  352.68
  353.89
  355.15
  356.44
  357.78
    0.00
   36.00
   36.00
   36.00
   36.00
   36.00
   36.00
   36.00
   36.00
   36.00
   36.00
   36.00
   36.00
   36.00
   36.00
   36.00
   36.00
   36.00
   36.00
   36.00
   36.00
   36.00
   36.00
   36.00
   36.00
   36.00
   36.00
   36.00
   36.00
   36.00
   36.00
   36.00
   36.00
   37.34
   38.65
   39.91
   41.13
   42.31
   43.47
   44.60
   45.70
   46.79
   47.85
   48.90
   49.93
   50.96
   51.98
   52.99
   54.00
   55.01
   56.02
   57.04
   58.07
   59.10
   60.15
   61.21
   62.30
   63.40
   64.53
   65.69
   66.87
   68.09
   69.35
   70.66
   72.00
  108.00
  108.00
  108.00
  108.00
  108.00
  108.00
  108.00
  108.00
  108.00
  108.00
  108.00
  108.00
  108.00
  108.00
  108.00
  108.00
  108.00
  108.00
  108.00
  108.00
  108.00
  108.00
  108.00
  108.00
  108.00
  108.00
  108.00
  108.00
  108.00
  108.00
  108.00
  108.00
  109.34
  110.65
  111.91
  113.13
  114.31
  115.47
  116.60
  117.70
  118.79
  119.85
  120.90
  121.93
  122.96
  123.98
  124.99
  126.00
  127.01
  128.02
  129.04
  130.07
  131.10
  132.15
  133.21
  134.30
  135.40
  136.53
  137.69
  138.87
  140.09
  141.35
  142.66
  144.00
  180.00
  180.00
  180.00
  180.00
  180.00
  180.00
  180.00
  180.00
  180.00
  180.00
  180.00
  180.00
  180.00
  180.00
  180.00
  180.00
  180.00
  180.00
  180.00
  180.00
  180.00
  180.00
  180.00
  180.00
  180.00
  180.00
  180.00
  180.00
  180.00
  180.00
  180.00
  180.00
  181.34
  182.65
  183.91
  185.13
  186.31
  187.47
  188.60
  189.70
  190.79
  191.85
  192.90
  193.93
  194.96
  195.98
  196.99
  198.00
  199.01
  200.02
  201.04
  202.07
  203.10
  204.15
  205.21
  206.30
  207.40
  208.53
  209.69
  210.87
  212.09
  213.35
  214.66
  216.00
  252.00
  252.00
  252.00
  252.00
  252.00
  252.00
  252.00
  252.00
  252.00
  252.00
  252.00
  252.00
  252.00
  252.00
  252.00
  252.00
  252.00
  252.00
  252.00
  252.00
  252.00
  252.00
  252.00
  252.00
  252.00
  252.00
  252.00
  252.00
  252.00
  252.00
  252.00
  252.00
  253.34
  254.65
  255.91
  257.13
  258.31
  259.47
  260.60
  261.70
  262.79
  263.85
  264.90
  265.93
  266.96
  267.98
  268.99
  270.00
  271.01
  272.02
  273.04
  274.07
  275.10
  276.15
  277.21
  278.30
  279.40
  280.53
  281.69
  282.87
  284.09
  285.35
  286.66
  288.00
  324.00
  324.00
  324.00
  324.00
  324.00
  324.00
  324.00
  324.00
  324.00
  324.00
  324.00
  324.00
  324.00
  324.00
  324.00
  324.00
  324.00
  324.00
  324.00
  324.00
  324.00
  324.00
  324.00
  324.00
  324.00
  324.00
  324.00
  324.00
  324.00
  324.00
  324.00
  324.00
  325.34
  326.65
  327.91
  329.13
  330.31
  331.47
  332.60
  333.70
  334.79
  335.85
  336.90
  337.93
  338.96
  339.98
  340.99
  342.00
  343.01
  344.02
  345.04
  346.07
  347.10
  348.15
  349.21
  350.30
  351.40
  352.53
  353.69
  354.87
  356.09
  357.35
  358.66
    0.00
